! File: ext_modhar.txt
! Filter: p01s.json
! Periods: 1
! Years: 2080
!
36 39 1 header "T001"
   longname "pb"
   coefficient pb(ncom,nbuy,time)
   ;
! time=0 data, year is 2080
0.39215276
0.39215276
0.39215276
0.39215276
0.39215276
0.39215276
0.39215276
0.39215276
0.39215276
0.39215276
0.39215276
0.39215276
0.39215276
0.39215276
0.39215276
0.39215276
0.39215276
0.39215276
0.39215276
0.39215276
0.39215276
0.39215276
0.39215276
0.39215276
0.39215276
0.39215276
0.39215276
0.39215276
0.39215276
0.39215276
0.39215276
0.39215276
0.39215276
0.39215276
0.39215276
0.39215276
0.39215276
0.39215276
0.39215276
2.5803382000000004
2.5803382000000004
2.5803382000000004
2.5803382000000004
2.5803382000000004
2.5803382000000004
2.5803382000000004
2.5803382000000004
2.5803382000000004
2.5803382000000004
2.5803382000000004
2.5803382000000004
2.5803382000000004
2.5803382000000004
2.5803382000000004
2.5803382000000004
2.5803382000000004
2.5803382000000004
2.5803382000000004
2.5803382000000004
2.5803382000000004
2.5803382000000004
2.5803382000000004
2.5803382000000004
2.5803382000000004
2.5803382000000004
2.5803382000000004
2.5803382000000004
2.5803382000000004
2.5803382000000004
2.5803382000000004
2.5803382000000004
2.5803382000000004
2.5803382000000004
2.5803382000000004
2.5803382000000004
2.5803382000000004
2.5803382000000004
2.5803382000000004
0.60817182
0.60817182
0.60817182
0.60817182
0.60817182
0.60817182
0.60817182
0.60817182
0.60817182
0.60817182
0.60817182
0.60817182
0.60817182
0.60817182
0.60817182
0.60817182
0.60817182
0.60817182
0.60817182
0.60817182
0.60817182
0.60817182
0.60817182
0.60817182
0.60817182
0.60817182
0.60817182
0.60817182
0.60817182
0.60817182
0.60817182
0.60817182
0.60817182
0.60817182
0.60817182
0.60817182
0.60817182
0.60817182
0.60817182
0.91802084
0.91802084
0.91802084
0.91802084
0.91802084
0.91802084
0.91802084
0.91802084
0.91802084
0.91802084
0.91802084
0.91802084
0.91802084
0.91802084
0.91802084
0.91802084
0.91802084
0.91802084
0.91802084
0.91802084
0.91802084
0.91802084
0.91802084
0.91802084
0.91802084
0.91802084
0.91802084
0.91802084
0.91802084
0.91802084
0.91802084
0.91802084
0.91802084
0.91802084
0.91802084
0.91802084
0.91802084
0.91802084
0.91802084
0.74752957
0.74752957
0.74752957
0.74752957
0.74752957
0.74752957
0.74752957
0.74752957
0.74752957
0.74752957
0.74752957
0.74752957
0.74752957
0.74752957
0.74752957
0.74752957
0.74752957
0.74752957
0.74752957
0.74752957
0.74752957
0.74752957
0.74752957
0.74752957
0.74752957
0.74752957
0.74752957
0.74752957
0.74752957
0.74752957
0.74752957
0.74752957
0.74752957
0.74752957
0.74752957
0.74752957
0.74752957
0.74752957
0.74752957
0.93382978
0.93382978
0.93382978
0.93382978
0.93382978
0.93382978
0.93382978
0.93382978
0.93382978
0.93382978
0.93382978
0.93382978
0.93382978
0.93382978
0.93382978
0.93382978
0.93382978
0.93382978
0.93382978
0.93382978
0.93382978
0.93382978
0.93382978
0.93382978
0.93382978
0.93382978
0.93382978
0.93382978
0.93382978
0.93382978
0.93382978
0.93382978
0.93382978
0.93382978
0.93382978
0.93382978
0.93382978
0.93382978
0.93382978
0.85179335
0.85179335
0.85179335
0.85179335
0.85179335
0.85179335
0.85179335
0.85179335
0.85179335
0.85179335
0.85179335
0.85179335
0.85179335
0.85179335
0.85179335
0.85179335
0.85179335
0.85179335
0.85179335
0.85179335
0.85179335
0.85179335
0.85179335
0.85179335
0.85179335
0.85179335
0.85179335
0.85179335
0.85179335
0.85179335
0.85179335
0.85179335
0.85179335
0.85179335
0.85179335
0.85179335
0.85179335
0.85179335
0.85179335
1.1086951
1.1086951
1.1086951
1.1086951
1.1086951
1.1086951
1.1086951
1.1086951
1.1086951
1.1086951
1.1086951
1.1086951
1.1086951
1.1086951
1.1086951
1.1086951
1.1086951
1.1086951
1.1086951
1.1086951
1.1086951
1.1086951
1.1086951
1.1086951
1.1086951
1.1086951
1.1086951
1.1086951
1.1086951
1.1086951
1.1086951
1.1086951
1.1086951
1.1086951
1.1086951
1.1086951
1.1086951
1.1086951
1.1086951
0.6848684
0.6848684
0.6848684
0.6848684
0.6848684
0.6848684
0.6848684
0.6848684
0.6848684
0.6848684
0.6848684
0.6848684
0.6848684
0.6848684
0.6848684
0.6848684
0.6848684
0.6848684
0.6848684
0.6848684
0.6848684
0.6848684
0.6848684
0.6848684
0.6848684
0.6848684
0.6848684
0.6848684
0.6848684
0.6848684
0.6848684
0.6848684
0.6848684
0.6848684
0.6848684
0.6848684
0.6848684
0.6848684
0.6848684
0.53700984
0.53700984
0.53700984
0.53700984
0.53700984
0.53700984
0.53700984
0.53700984
0.53700984
0.53700984
0.53700984
0.53700984
0.53700984
0.53700984
0.53700984
0.53700984
0.53700984
0.53700984
0.53700984
0.53700984
0.53700984
0.53700984
0.53700984
0.53700984
0.53700984
0.53700984
0.53700984
0.53700984
0.53700984
0.53700984
0.53700984
0.53700984
0.53700984
0.53700984
0.53700984
0.53700984
0.53700984
0.53700984
0.53700984
0.58581591
0.58581591
0.58581591
0.58581591
0.58581591
0.58581591
0.58581591
0.58581591
0.58581591
0.58581591
0.58581591
0.58581591
0.58581591
0.58581591
0.58581591
0.58581591
0.58581591
0.58581591
0.58581591
0.58581591
0.58581591
0.58581591
0.58581591
0.58581591
0.58581591
0.58581591
0.58581591
0.58581591
0.58581591
0.58581591
0.58581591
0.58581591
0.58581591
0.58581591
0.58581591
0.58581591
0.58581591
0.58581591
0.58581591
0.6270799
0.6270799
0.6270799
0.6270799
0.6270799
0.6270799
0.6270799
0.6270799
0.6270799
0.6270799
0.6270799
0.6270799
0.6270799
0.6270799
0.6270799
0.6270799
0.6270799
0.6270799
0.6270799
0.6270799
0.6270799
0.6270799
0.6270799
0.6270799
0.6270799
0.6270799
0.6270799
0.6270799
0.6270799
0.6270799
0.6270799
0.6270799
0.6270799
0.6270799
0.6270799
0.6270799
0.6270799
0.6270799
0.6270799
0.57318497
0.57318497
0.57318497
0.57318497
0.57318497
0.57318497
0.57318497
0.57318497
0.57318497
0.57318497
0.57318497
0.57318497
0.57318497
0.57318497
0.57318497
0.57318497
0.57318497
0.57318497
0.57318497
0.57318497
0.57318497
0.57318497
0.57318497
0.57318497
0.57318497
0.57318497
0.57318497
0.57318497
0.57318497
0.57318497
0.57318497
0.57318497
0.57318497
0.57318497
0.57318497
0.57318497
0.57318497
0.57318497
0.57318497
0.61396825
0.61396825
0.61396825
0.61396825
0.61396825
0.61396825
0.61396825
0.61396825
0.61396825
0.61396825
0.61396825
0.61396825
0.61396825
0.61396825
0.61396825
0.61396825
0.61396825
0.61396825
0.61396825
0.61396825
0.61396825
0.61396825
0.61396825
0.61396825
0.61396825
0.61396825
0.61396825
0.61396825
0.61396825
0.61396825
0.61396825
0.61396825
0.61396825
0.61396825
0.61396825
0.61396825
0.61396825
0.61396825
0.61396825
0.2441882
0.2441882
0.2441882
0.2441882
0.2441882
0.2441882
0.2441882
0.2441882
0.2441882
0.2441882
0.2441882
0.2441882
0.2441882
0.2441882
0.2441882
0.2441882
0.2441882
0.2441882
0.2441882
0.2441882
0.2441882
0.2441882
0.2441882
0.2441882
0.2441882
0.2441882
0.2441882
0.2441882
0.2441882
0.2441882
0.2441882
0.2441882
0.2441882
0.2441882
0.2441882
0.2441882
0.2441882
0.2441882
0.2441882
0.84588802
0.84588802
0.84588802
0.84588802
0.84588802
0.84588802
0.84588802
0.84588802
0.84588802
0.84588802
0.84588802
0.84588802
0.84588802
0.84588802
0.84588802
0.84588802
0.84588802
0.84588802
0.84588802
0.84588802
0.84588802
0.84588802
0.84588802
0.84588802
0.84588802
0.84588802
0.84588802
0.84588802
0.84588802
0.84588802
0.84588802
0.84588802
0.84588802
0.84588802
0.84588802
0.84588802
0.84588802
0.84588802
0.84588802
0.53406906
0.53406906
0.53406906
0.53406906
0.53406906
0.53406906
0.53406906
0.53406906
0.53406906
0.53406906
0.53406906
0.53406906
0.53406906
0.53406906
0.53406906
0.53406906
0.53406906
0.53406906
0.53406906
0.53406906
0.53406906
0.53406906
0.53406906
0.53406906
0.53406906
0.53406906
0.53406906
0.53406906
0.53406906
0.53406906
0.53406906
0.53406906
0.53406906
0.53406906
0.53406906
0.53406906
0.53406906
0.53406906
0.53406906
0.60118711
0.60118711
0.60118711
0.60118711
0.60118711
0.60118711
0.60118711
0.60118711
0.60118711
0.60118711
0.60118711
0.60118711
0.60118711
0.60118711
0.60118711
0.60118711
0.60118711
0.60118711
0.60118711
0.60118711
0.60118711
0.60118711
0.60118711
0.60118711
0.60118711
0.60118711
0.60118711
0.60118711
0.60118711
0.60118711
0.60118711
0.60118711
0.60118711
0.60118711
0.60118711
0.60118711
0.60118711
0.60118711
0.60118711
0.4401058
0.4401058
0.4401058
0.4401058
0.4401058
0.4401058
0.4401058
0.4401058
0.4401058
0.4401058
0.4401058
0.4401058
0.4401058
0.4401058
0.4401058
0.4401058
0.4401058
0.4401058
0.4401058
0.4401058
0.4401058
0.4401058
0.4401058
0.4401058
0.4401058
0.4401058
0.4401058
0.4401058
0.4401058
0.4401058
0.4401058
0.4401058
0.4401058
0.4401058
0.4401058
0.4401058
0.4401058
0.4401058
0.4401058
0.55583072
0.55583072
0.55583072
0.55583072
0.55583072
0.55583072
0.55583072
0.55583072
0.55583072
0.55583072
0.55583072
0.55583072
0.55583072
0.55583072
0.55583072
0.55583072
0.55583072
0.55583072
0.55583072
0.55583072
0.55583072
0.55583072
0.55583072
0.55583072
0.55583072
0.55583072
0.55583072
0.55583072
0.55583072
0.55583072
0.55583072
0.55583072
0.55583072
0.55583072
0.55583072
0.55583072
0.55583072
0.55583072
0.55583072
0.73636478
0.73636478
0.73636478
0.73636478
0.73636478
0.73636478
0.73636478
0.73636478
0.73636478
0.73636478
0.73636478
0.73636478
0.73636478
0.73636478
0.73636478
0.73636478
0.73636478
0.73636478
0.73636478
0.73636478
0.73636478
0.73636478
0.73636478
0.73636478
0.73636478
0.73636478
0.73636478
0.73636478
0.73636478
0.73636478
0.73636478
0.73636478
0.73636478
0.73636478
0.73636478
0.73636478
0.73636478
0.73636478
0.73636478
0.51114649
0.51114649
0.51114649
0.51114649
0.51114649
0.51114649
0.51114649
0.51114649
0.51114649
0.51114649
0.51114649
0.51114649
0.51114649
0.51114649
0.51114649
0.51114649
0.51114649
0.51114649
0.51114649
0.51114649
0.51114649
0.51114649
0.51114649
0.51114649
0.51114649
0.51114649
0.51114649
0.51114649
0.51114649
0.51114649
0.51114649
0.51114649
0.51114649
0.51114649
0.51114649
0.51114649
0.51114649
0.51114649
0.51114649
1.7825301
1.7825301
1.7825301
1.7825301
1.7825301
1.7825301
1.7825301
1.7825301
1.7825301
1.7825301
1.7825301
1.7825301
1.7825301
1.7825301
1.7825301
1.7825301
1.7825301
1.7825301
1.7825301
1.7825301
1.7825301
1.7825301
1.7825301
1.7825301
1.7825301
1.7825301
1.7825301
1.7825301
1.7825301
1.7825301
1.7825301
1.7825301
1.7825301
1.7825301
1.7825301
1.7825301
1.7825301
1.7825301
1.7825301
0.81401068
0.81401068
0.81401068
0.81401068
0.81401068
0.81401068
0.81401068
0.81401068
0.81401068
0.81401068
0.81401068
0.81401068
0.81401068
0.81401068
0.81401068
0.81401068
0.81401068
0.81401068
0.81401068
0.81401068
0.81401068
0.81401068
0.81401068
0.81401068
0.81401068
0.81401068
0.81401068
0.81401068
0.81401068
0.81401068
0.81401068
0.81401068
0.81401068
0.81401068
0.81401068
0.81401068
0.81401068
0.81401068
0.81401068
0.43540439
0.43540439
0.43540439
0.43540439
0.43540439
0.43540439
0.43540439
0.43540439
0.43540439
0.43540439
0.43540439
0.43540439
0.43540439
0.43540439
0.43540439
0.43540439
0.43540439
0.43540439
0.43540439
0.43540439
0.43540439
0.43540439
0.43540439
0.43540439
0.43540439
0.43540439
0.43540439
0.43540439
0.43540439
0.43540439
0.43540439
0.43540439
0.43540439
0.43540439
0.43540439
0.43540439
0.43540439
0.43540439
0.43540439
0.41235119
0.41235119
0.41235119
0.41235119
0.41235119
0.41235119
0.41235119
0.41235119
0.41235119
0.41235119
0.41235119
0.41235119
0.41235119
0.41235119
0.41235119
0.41235119
0.41235119
0.41235119
0.41235119
0.41235119
0.41235119
0.41235119
0.41235119
0.41235119
0.41235119
0.41235119
0.41235119
0.41235119
0.41235119
0.41235119
0.41235119
0.41235119
0.41235119
0.41235119
0.41235119
0.41235119
0.41235119
0.41235119
0.41235119
0.56867445
0.56867445
0.56867445
0.56867445
0.56867445
0.56867445
0.56867445
0.56867445
0.56867445
0.56867445
0.56867445
0.56867445
0.56867445
0.56867445
0.56867445
0.56867445
0.56867445
0.56867445
0.56867445
0.56867445
0.56867445
0.56867445
0.56867445
0.56867445
0.56867445
0.56867445
0.56867445
0.56867445
0.56867445
0.56867445
0.56867445
0.56867445
0.56867445
0.56867445
0.56867445
0.56867445
0.56867445
0.56867445
0.56867445
0.47775128
0.47775128
0.47775128
0.47775128
0.47775128
0.47775128
0.47775128
0.47775128
0.47775128
0.47775128
0.47775128
0.47775128
0.47775128
0.47775128
0.47775128
0.47775128
0.47775128
0.47775128
0.47775128
0.47775128
0.47775128
0.47775128
0.47775128
0.47775128
0.47775128
0.47775128
0.47775128
0.47775128
0.47775128
0.47775128
0.47775128
0.47775128
0.47775128
0.47775128
0.47775128
0.47775128
0.47775128
0.47775128
0.47775128
0.28575885
0.28575885
0.28575885
0.28575885
0.28575885
0.28575885
0.28575885
0.28575885
0.28575885
0.28575885
0.28575885
0.28575885
0.28575885
0.28575885
0.28575885
0.28575885
0.28575885
0.28575885
0.28575885
0.28575885
0.28575885
0.28575885
0.28575885
0.28575885
0.28575885
0.28575885
0.28575885
0.28575885
0.28575885
0.28575885
0.28575885
0.28575885
0.28575885
0.28575885
0.28575885
0.28575885
0.28575885
0.28575885
0.28575885
0.57021779
0.57021779
0.57021779
0.57021779
0.57021779
0.57021779
0.57021779
0.57021779
0.57021779
0.57021779
0.57021779
0.57021779
0.57021779
0.57021779
0.57021779
0.57021779
0.57021779
0.57021779
0.57021779
0.57021779
0.57021779
0.57021779
0.57021779
0.57021779
0.57021779
0.57021779
0.57021779
0.57021779
0.57021779
0.57021779
0.57021779
0.57021779
0.57021779
0.57021779
0.57021779
0.57021779
0.57021779
0.57021779
0.57021779
0.51385015
0.51385015
0.51385015
0.51385015
0.51385015
0.51385015
0.51385015
0.51385015
0.51385015
0.51385015
0.51385015
0.51385015
0.51385015
0.51385015
0.51385015
0.51385015
0.51385015
0.51385015
0.51385015
0.51385015
0.51385015
0.51385015
0.51385015
0.51385015
0.51385015
0.51385015
0.51385015
0.51385015
0.51385015
0.51385015
0.51385015
0.51385015
0.51385015
0.51385015
0.51385015
0.51385015
0.51385015
0.51385015
0.51385015
0.80624789
0.80624789
0.80624789
0.80624789
0.80624789
0.80624789
0.80624789
0.80624789
0.80624789
0.80624789
0.80624789
0.80624789
0.80624789
0.80624789
0.80624789
0.80624789
0.80624789
0.80624789
0.80624789
0.80624789
0.80624789
0.80624789
0.80624789
0.80624789
0.80624789
0.80624789
0.80624789
0.80624789
0.80624789
0.80624789
0.80624789
0.80624789
0.80624789
0.80624789
0.80624789
0.80624789
0.80624789
0.80624789
0.80624789
0.72556114
0.72556114
0.72556114
0.72556114
0.72556114
0.72556114
0.72556114
0.72556114
0.72556114
0.72556114
0.72556114
0.72556114
0.72556114
0.72556114
0.72556114
0.72556114
0.72556114
0.72556114
0.72556114
0.72556114
0.72556114
0.72556114
0.72556114
0.72556114
0.72556114
0.72556114
0.72556114
0.72556114
0.72556114
0.72556114
0.72556114
0.72556114
0.72556114
0.72556114
0.72556114
0.72556114
0.72556114
0.72556114
0.72556114
0.80350977
0.80350977
0.80350977
0.80350977
0.80350977
0.80350977
0.80350977
0.80350977
0.80350977
0.80350977
0.80350977
0.80350977
0.80350977
0.80350977
0.80350977
0.80350977
0.80350977
0.80350977
0.80350977
0.80350977
0.80350977
0.80350977
0.80350977
0.80350977
0.80350977
0.80350977
0.80350977
0.80350977
0.80350977
0.80350977
0.80350977
0.80350977
0.80350977
0.80350977
0.80350977
0.80350977
0.80350977
0.80350977
0.80350977
0.66804081
0.66804081
0.66804081
0.66804081
0.66804081
0.66804081
0.66804081
0.66804081
0.66804081
0.66804081
0.66804081
0.66804081
0.66804081
0.66804081
0.66804081
0.66804081
0.66804081
0.66804081
0.66804081
0.66804081
0.66804081
0.66804081
0.66804081
0.66804081
0.66804081
0.66804081
0.66804081
0.66804081
0.66804081
0.66804081
0.66804081
0.66804081
0.66804081
0.66804081
0.66804081
0.66804081
0.66804081
0.66804081
0.66804081
0.63781381
0.63781381
0.63781381
0.63781381
0.63781381
0.63781381
0.63781381
0.63781381
0.63781381
0.63781381
0.63781381
0.63781381
0.63781381
0.63781381
0.63781381
0.63781381
0.63781381
0.63781381
0.63781381
0.63781381
0.63781381
0.63781381
0.63781381
0.63781381
0.63781381
0.63781381
0.63781381
0.63781381
0.63781381
0.63781381
0.63781381
0.63781381
0.63781381
0.63781381
0.63781381
0.63781381
0.63781381
0.63781381
0.63781381
