! File: int_modhar.txt
! Filter: p01s.json
! Periods: 1
! Years: 2080
!
38 41 1 header "I001"
   longname "int_val"
   coefficient int_val(ninp,nuses,time)
   ;
! time=0 data, year is 2080
157.0472
0.0
0.0
0.0
0.0
0.0
0.04295820400000001
0.0
3.6013877
32.391853000000005
0.0
0.11596981
0.0
0.0
0.0
0.0
0.0
0.0
0.0
234.44507000000002
2.798928
0.0
0.0
8.784866300000001
0.45121995
2.5719247000000003
0.23600438
0.0
0.0
0.0
3.0126352
1.7078832
2.8323212000000004
4.960592299999999
14.095734
0.0
110.2255
2.2105846000000002
3.3752244e-07
190.82359
-95.912041
0.0
18.754108
0.0
0.0
0.0
0.0
0.0
0.0
0.0
0.0
0.0
0.0
0.0
0.0
0.0
0.0
0.0
0.0
0.0
0.0
0.0
0.0
477.01610999999997
0.56745863
0.0
0.0
0.0
0.0
0.0
0.0
0.0
0.0
0.0
0.0
0.0
0.0
0.0
0.43195912
0.0
1.3847114
-276.90921000000003
0.0
0.0
9.3025875
0.0
0.0
26.389732000000002
95.166893
0.0
0.0
0.0
0.0
0.0
0.0
0.0
0.0
0.0
0.0
0.0
0.0
0.0
0.0
0.0
25.409935
9.071584699999999
0.42573747
0.071348108
5.4549093
0.07763529599999999
0.19128525
0.21275373
0.41206637
1.1321428999999998
0.0
0.34226605
1.1957931999999998
4.2615460999999994
0.0
1.3853772
2.0820915e-05
8.3145437
-28.771340999999996
0.38305900000000004
0.34828356
0.12098417
12.06542
2.0035567
31.801975
0.0
0.0
0.0
2.4481592
2.2089974999999997
28.543139
0.0
0.0
0.0
0.0
0.28101814
0.0
0.0
2.1040313
0.10017403
0.0
0.0
0.62248302
0.0
0.0
0.0
0.0
0.0
0.0
0.48380816
0.0
0.0
0.0
0.0
0.0
0.022898452000000003
0.0
0.0037268171999999995
26.276428000000003
-4.3961844
1.0644501
3.3314296999999997
3.6232047
4.2508840999999995
1.5325624
0.0
0.0
0.018277633999999997
0.92720866
0.74569929
10.581696
6.792791800000001
0.0
0.0
0.0
0.0
0.0
0.0
0.0
0.0
0.0
0.0
0.17373104
7.1922565
0.0
0.0
0.0
0.0
0.0
0.0
5.6387925
0.0
0.66202193
1.869118
0.0
0.0
0.29915336
157.20779
0.17874247
22.065678
-4.321979499999999
6.959969999999999
2.5361345
1.8050873
2.2865951
5.3503513
0.0
0.0
0.0086869877
6.5741363
10.974366
4.991693499999999
25.129074
0.0
9.76548
0.0
1.7145575000000002
1.9293525000000002
3.0244124
5.3765377999999995
9.9290056
1.4447404
0.0
0.0
20.01737
8.6401558
6.1102643
4.7786406999999995
1.209228
10.385587
13.559982000000002
12.970244000000001
12.335587
4.9110255
16.137877
38.928566
3.5562612999999996
476.13860999999997
0.00034976215
0.00029905187000000004
15.563035000000001
-19.587009
3.2415617
3.0911641
1.1782296
2.2508292
6.6598802
0.0
0.0
0.024751006000000002
3.1410112
13.040183
7.8045464
13.260055
0.0
5.340303400000001
0.0
0.84676671
1.5374691
1.5902077
2.7201519
11.311772
1.2650506000000001
0.0
4.1836448
22.626307
3.7604212999999995
0.71316189
2.1471291
1.1481045
1.1916457
4.278664599999999
2.4792311000000002
5.743965599999999
8.464461300000002
5.2851572
11.863711
4.3118906
167.52200000000002
0.00022192322999999996
0.00018975087999999998
0.78476363
-1.9802485
1.4435657
0.0
0.0
0.0
0.09288541199999999
0.32415113
0.07662880400000001
0.0
0.0
0.36023119
0.093642689
0.84048027
0.14188451
0.21681212
0.11682447
0.0
0.92327499
0.0
0.17280291
0.99251962
0.042799432000000005
0.075256556
0.050222959000000005
0.39479324
0.0
0.0
0.0
0.45591578
0.0
0.0
0.0
0.0
0.0
0.0
0.0
0.0
0.36650532
0.00022192322999999996
0.00018975087999999998
0.071646862
-0.039704107
3.4746656000000002
15.820920000000001
12.368730000000001
0.020570258
0.27012387
16.408403
0.23339464
0.60790288
1.1784350000000001
7.4493365
1.8460423
21.856517999999998
5.1230054
5.3981075
1.431497
1.471019
6.2586846
4.3343878
1.9801238
7.0139804
0.39592895
1.1182514
1.7888230999999999
3.7685425
3.0917661
10.36464
16.589869
12.69913
3.4704203999999996
15.435011
41.266441
2.0214898999999997
10.183587
1.9082564999999998
24.333847
39.860946999999996
0.13537967
1499.0795
208.16023
17.317589
0.0
0.0
0.0
0.0
0.0
0.0
0.0
0.78843552
0.0
70.04518900000001
107.17391
6.5407205
8.8160095
0.8893348
0.0
0.0
0.0
8.0632086
0.0
33.326648999999996
41.826488
0.14315097
21.851264999999998
0.0
20.694584
1.9503118000000002
3.3362708
7.8198504
0.0
0.0
0.0
22.245098000000002
6.852004099999999
10.804444
31.124502000000003
20.067268
0.0
56.810947
16.206986999999998
0.016335566
89.341995
-53.05328000000001
0.49463713
0.13419127
0.17638251
0.37432522
3.5122252
0.40924764
0.49936476
0.026373912000000003
82.00202900000001
1.714144
26.136898000000002
8.7833157
3.4061955999999998
6.6866708
1.2030969
0.81896943
6.3394809
1.0757952
0.0
11.858947
0.0
0.0
1.8791949000000001
6.2065773
0.0
3.540561
1.2375671999999998
0.32800341
2.1916084
0.0
9.3485308
6.929749
0.0
4.3449898000000005
11.65661
5.599018099999999
1.119785
13.136826999999998
0.00050766888
30.432610999999998
-35.08527
0.48199973
2.1433668
2.2287011000000003
1.0425353000000002
19.194639000000002
0.031858977000000004
0.17024399
0.0
35.071278
0.45779869
2.1755815
298.10156
139.88513
81.13188199999999
7.6051092
32.660564
77.14852900000001
17.537235
20.908203
14.989685
0.0
0.37445799
0.34044364
2.8605611
3.5978651
0.0
2.7243662
0.11739321
0.0
0.0
3.8550832
0.98061401
0.16125627
2.3766835
0.0
0.0
0.0563525
11.294967
0.032035954
189.26245
-184.24902
3.3194425
3.8296232000000003
3.0648918
1.6840991
8.3363342
4.281427900000001
2.6491332
0.010772221
99.435265
8.5219021
5.7912349999999995
16.583170000000003
85.13640600000001
79.162582
6.1892815
16.174839000000002
55.728680000000004
26.18354
21.080645
26.501210999999998
0.0
1.1251955
1.3113565
17.049463
3.4045851000000003
6.696720599999999
16.299795
4.1958485
1.7328252
0.0
7.7379909
4.5704536
1.4337488
13.089091
22.962120000000002
6.4703584
4.937822799999999
38.964966
1.9080731
105.04426000000001
-118.51521000000001
4.0178709
1.2863343999999999
0.9337485999999999
3.0423329
7.1706495
3.1232522
0.0
0.0
30.701036
1.7397462
0.60930246
13.991478
4.279992099999999
76.049858
0.91517264
1.1464397
29.765954999999998
12.489421
2.2381512999999997
6.016036
0.0
0.86312944
0.7387345999999999
8.2397156
4.6000581
10.339845
5.1686239
4.05162
3.0918686
0.0
7.803242699999999
3.6000407
1.6619216
14.581942999999999
5.2902989
0.90109748
0.33392109999999997
369.56644
5.0196242
412.75891
-295.13723999999996
0.0
0.0
0.0
0.0
0.0
0.4397479
0.43422791
0.009698595899999999
5.8315144
6.4904103
4.4025435
24.485506
14.661795999999999
20.351088
50.863716
23.463144
22.679148
26.563961
9.616925199999999
5.625369999999999
0.0
2.0269244
0.86056274
10.356639999999999
13.409904999999998
3.3313015
1.6547145
9.0332069
24.308502
0.0
1.7310728
4.0599875
2.5073459
25.865370000000002
7.3296556
15.089782999999999
0.00053069094
162.82848
27.470160999999997
186.16125
-418.68622
0.80200505
0.0
0.0
0.17321311
0.83454889
0.0
2.1010419999999996
0.081066199
27.029413
2.1877892000000005
0.0
0.0
3.1767662
0.0
3.9920818999999996
24.847492000000003
20.348329999999997
15.997581
0.0
3.1904929
0.0
0.26166436
0.0
4.7111959
1.108667
0.0
0.0
0.55147254
7.7548442
0.0
0.0
10.532539
1.7919574
18.859047
12.256993
11.814831
15.901129999999998
263.78592000000003
27.851028000000003
138.88377
-245.34572999999997
1.1400973
0.71407759
0.66937202
0.54405147
1.3743371000000002
1.2529825
1.2401459
0.0087532587
6.583958099999999
0.73247337
0.61264098
12.350999
4.003087
42.266445000000004
0.0
0.0
207.89427
5.3697562
3.2629497000000005
2.7815093999999996
0.0
0.0
0.69046831
0.0
8.724331900000001
38.253208
16.700684
0.41664994
0.0
0.0
8.871411300000002
5.4024253
2.8970122000000003
5.1640677
9.870043800000001
4.826428400000001
3.4556091e-05
473.93158
7.435710899999999
320.78339
-463.90442
0.25208661
0.0
0.0010899183
0.030070113
0.0
0.12722538
0.019570719
0.0
0.10462774
0.047551479
0.013296581000000002
2.6305361
0.29090378
0.0
0.0
0.0
0.0
63.204212
0.024491437
0.0
0.0
0.0
0.0
0.0
0.14900717
0.8515050999999999
12.570524
0.0
0.0
0.0
0.12968449
0.77005273
0.0
23.341677
0.53939754
32.886818
0.0
83.890396
30.571309999999997
251.71617
-57.887787
0.0
0.21282957
0.28169104
0.040981576
0.48909581
0.18397552
0.087184653
0.0
16.594229000000002
1.3768173000000001
0.46090713
1.1441274
2.1466331000000003
4.293426999999999
0.21949323
0.7444644
2.1237607000000005
0.52876049
35.130547
0.0
0.84234881
0.33325502
0.0
0.0
3.847554
5.981585
0.32753757
0.32766494
1.3108969
1.7231731
22.672075
4.329691400000001
2.2533014
68.008476
9.5369701
3.095715
73.678925
290.30841000000004
2.7466261000000003
183.10098
-212.7005
22.965304999999997
0.0
0.0
0.0
0.0
0.0
0.0
0.0
0.0
0.0
0.046902362
0.038728509
0.014767792
0.0
0.0
0.0
0.0
0.0
0.0
219.95514
0.87535447
0.0
0.0
2.8034117000000003
1.1103791
23.887556
0.61148089
0.0
0.0
0.0
0.0
1.0011417999999999
11.367042999999999
65.76001
149.35419
0.0
753.74359
2.5213482000000003
4.1782467e-05
195.90579
-150.06207
0.0
0.0
0.0
0.0
0.0
0.0
0.022335768
0.0
3.6630738
2.7253244
0.22239444
0.16941026
0.014186819
0.0
0.0
0.0
14.062066
0.0
15.631457999999999
0.0
33.521908
2.6175678
0.0
3.3297534
0.81384832
5.5424571
0.58169395
0.0
0.0
0.0
0.0018172428
1.8175564999999998
1.1441559
0.68442559
9.2962561
0.0
264.93273999999997
34.617371
0.007214345
51.719337
-326.86929
0.0
0.0
0.0
0.0
0.0
0.0
0.0
0.0
0.0
0.0
0.0
0.0
0.0
0.0
0.0
0.0
0.0
0.0
0.0
2.443054
0.0
4.2355309000000005
0.0
0.0
6.111681900000001
9.1274996
0.35065052
9.384362199999998
4.545468799999999
20.175898
0.0
5.6435986
4.3630033
6.1817703
3.0075221
8.2447996
4.4664135
0.74300212
0.0031544636
5.7008386
-2.8892052
36.368443
1.6334554
0.93399614
2.5414047
6.6473589
0.020916043
0.0
0.065977395
62.435074
9.149720199999999
2.2411585
4.9292254
0.0
7.4371572
0.0
0.95679128
0.44890288
1.230383
3.4650884
4.1070905
0.56542867
0.0
46.635319
59.723236
17.748816
3.1534915
135.67706
1.4968938999999999
12.450561
14.139995
10.287186
41.508617
15.346576999999998
16.600475
16.534256
14.332223
227.63335
0.0
0.002612958
67.483925
-89.79819499999999
41.17588
2.3705611
3.1104205
0.88519293
11.675642999999999
0.58642399
0.76027262
0.027503489
51.291649
28.600323
13.51668
13.427532000000001
16.823180999999998
30.740028000000002
7.4541769
11.414467
43.877308
11.190458999999999
46.168991
43.668228000000006
20.491495
7.825347900000001
14.219109
543.70807
19.125488
10.6841
9.357610699999999
2.1276624
4.7372742
2.0147996
10.333835
12.132788
12.702935
43.378975
31.290394
21.264614
323.92801000000003
45.683193
0.0298214
638.64148
-391.71054
25.911215
1.1625718999999999
0.69155508
1.7411307
5.0857468
1.5150466999999999
3.7262549
0.07061455400000001
51.359970000000004
27.691316999999998
7.243954700000001
39.16206
24.544313
46.793194
4.7676115
13.791382999999998
38.131316999999996
3.5284786
21.740876999999998
76.123581
5.607985500000001
5.5883026
40.386573999999996
87.948975
53.610195
21.062601
16.154747
3.290951
14.98657
0.57730341
22.638409
0.0
17.926903
10.394058
24.945463
11.128036
591.86224
252.51907000000003
11.203358999999999
331.98297
0.0
0.25695708
0.44520015
0.26476306
0.0
0.82507527
0.33816063
1.0026176
0.066115916
80.243195
0.30828285
0.0
0.082199007
0.0
0.27425966
0.0
0.0
0.23047405
0.11489668
1.0557014
0.0
0.0
0.0
1.9482110000000001
0.0
1.1445203000000002
2.6976631
7.624899900000001
0.33934614
0.23599686
0.20544757
18.761044000000002
0.0
0.15697603
0.42006192
7.883585000000001
0.0
1021.6846
570.88721
0.096868955
20.491072
0.0
18.355722
0.71339363
0.42426744
5.2526383
7.6269732
15.245872
74.26178
0.070262201
26.100707999999997
20.971004
16.639416
29.966862
8.3089991
10.450602
0.35326594
2.7902751
4.786251999999999
1.6115398
8.9530363
42.047035
1.9242074
3.2615583
18.940407
36.705921000000004
41.442721999999996
50.030899
184.84575
4.4315677
20.464302
3.4638998999999995
11.394238
0.0
11.585564
8.8928585
17.422552
19.474419
398.23706
76.001114
2.1272787999999996
160.18088
-70.466034
1.9397351999999999
0.36044344
0.39205083
0.07669410900000001
0.34137151
0.0
0.0
0.022188265
16.445198
2.2133772
0.46520153
0.72421461
0.0
0.0
0.0
0.0
0.0
3.9024476999999997
1.5688158
1.9875215
0.07184668599999999
0.97387677
0.21361087
2.5474386000000004
3.6615705000000003
0.37523898
8.7225304
111.95395
0.0
23.425394
10.714829
0.0
9.0839701
21.682709
28.708246000000003
16.912241
133.334
96.759346
0.01320709
37.95731
-15.01162
1.2031946000000002
4.8518629
5.2559814000000005
0.22735228
1.9125873
2.298526
2.7672157000000004
0.015266742
17.4487
5.644252799999999
3.9296019
7.32693
11.428997
9.3235254
51.428447999999996
35.628559
8.0864496
11.338514
3.5675807
6.904101400000001
0.80441517
1.5964368999999998
1.3620762
10.110267
9.7452965
16.708059
12.850486
13.881207999999999
108.1885
63.689921999999996
20.041313
69.238792
12.594316000000001
32.850887
14.497367
55.280853
24.701535999999997
481.75909
30.085455
107.0666
-49.166096
26.368209999999998
0.80248451
0.87165129
1.4522728
3.46826
7.111557
10.797626
0.1374505
28.209282
3.7052898
3.8742614
12.60853
24.781076000000002
17.626297
0.0
0.0
10.336222
9.841583300000002
13.062986
8.922431900000001
1.3336885
2.5737773999999995
2.0091829
8.5155954
36.107975
34.112041
54.297413
13.225029999999999
29.135241999999998
930.49371
373.52862999999996
128.23882
8.014142999999999
62.732052
128.64168
40.52816
956.8992900000001
0.0044874180999999996
0.0038368003
125.83781
-97.533905
19.266731
11.141569
10.718485000000001
3.1621639999999998
10.033748
3.7352982000000003
1.727271
0.11722798
67.864532
7.2634091
2.367414
8.4831438
14.161534
14.979095000000001
8.135484700000001
8.3264542
10.402880999999999
17.834851999999998
10.063086
17.635416
1.3261428999999998
5.757536900000001
1.5016451000000002
8.749282800000001
34.549381
118.02058000000001
55.227665
24.66777
52.65741
95.344124
218.54887000000002
118.01248999999999
25.784594
335.05206
162.07048
36.329879999999996
504.21014
131.10626000000002
0.10283352
232.5137
-24.817051
4.219049
9.7142687
7.757214100000001
5.2530741999999995
26.502540999999997
26.112091
8.574502
0.50870591
190.39488
32.812889
19.016609
40.337307
40.795547
52.314632
27.036654
35.875549
32.588665
45.977371000000005
50.167446000000005
94.345314
4.3835578
13.166501
13.683295999999999
164.1478
163.79148999999998
164.02307
88.570427
66.970093
164.78427
279.06946
176.46765
354.95535
64.885223
153.03329
165.03032
126.72975
189.69598
96.866997
0.13118839
235.84781
-60.89908199999999
1.0075799
0.0
0.0
0.0
0.0079761744
0.18750629
0.17617573
0.0
0.0
0.0
0.0
0.0
0.0
0.0
0.0
0.0
0.0
0.0
0.0
0.0
0.0
0.0
0.0
0.15835202
0.25571147
0.0
0.0
0.0
0.0
0.0
0.0
0.0
3.7746232
0.0
1.1835274
5.220984
88.413239
4.3023741e-05
631.8678
2.9957216
0.0
0.0
0.0
0.0
0.0
0.0
0.0
0.0
0.0
0.0
0.0
0.0
0.0
0.0
0.0
0.0
0.0
0.0
0.0
0.0
0.0
0.0
0.0
0.0
0.0
0.0
0.0
0.0
0.0
0.0
0.0
0.0
0.0
1.4910033
0.42492962
0.0
0.0
2469.7163
11.021287
120.8167
56.92890500000001
-26.696569
2.6465456
0.0
0.0
0.0
0.59012932
4.0672441
1.1339598999999998
0.05108225
42.964176
4.6701365
3.5807116000000003
22.018555
4.4936361
1.6957224999999998
0.0
0.0
0.0
0.0
6.4521055
4.4560652
1.093545
3.6466160000000003
1.6238848
11.264536
10.796325999999999
27.803127000000003
22.88751
11.52707
33.555217999999996
62.381756
31.202522
59.37951700000001
14.825
0.41118258
57.781151
17.769417
1892.7227
0.006654106999999999
0.005691254000000001
56.919982999999995
-16.515638
0.16742986
0.0
0.0
0.0
0.05889982
0.84068507
0.41962618
0.01110911
2.0129645
1.0779687
0.43841672
7.6595664
0.48919499
0.36537722
0.0
0.0
0.0
0.0
0.98289746
1.0293117
0.19474545
0.53047037
0.32509387
1.4819702
5.6529964999999995
20.284206
13.694173999999999
1.925372
2.6792636
12.645425
2.4260037
9.2204504
4.907064900000001
0.13658869
11.411869
9.4241705
22.100412
0.13620308
1003.6159
2.3109264
-20.425158
164.04048
112.67075
85.07711
30.229332
37.179577
384.10556
81.127144
2.2543466
53.725578000000006
84.189766
14.692944
24.532272
67.833229
120.56299999999999
52.002583
69.292671
26.451874
45.876404
87.14636999999999
150.37225
10.917199
7.4872684000000005
69.676163
345.89041000000003
384.50872999999996
421.25497
131.57748
167.14206000000001
134.03152
747.49518
930.4263900000001
570.48871
105.07563
329.76932
265.72275
244.01932999999997
0.0
0.0
0.0
0.0
0.0
139.30975
26.628241999999997
22.579147
23.270742000000002
48.077614000000004
139.95738
7.5634198
2.6657669999999998
866.85413
113.63773
59.353703
96.132896
144.05721
137.15796
82.317619
113.93703000000001
104.53076
128.12831
148.74883
197.69984
34.45821
31.585154
6.4647999
293.46606
733.24005
880.52045
429.1662
154.96713
463.10413
763.91479
272.0975
1735.3021
364.12195
1315.0466
731.33746
526.64819
0.0
0.0
0.0
0.0
0.0
38 41 1 header "I002"
   longname "int_qty"
   coefficient int_qty(ninp,nuses,time)
   ;
! time=0 data, year is 2080
400.47455
0.0
0.0
0.0
0.0
0.0
0.10954457
0.0
9.183634800000002
82.60009000000001
0.0
0.29572612
0.0
0.0
0.0
0.0
0.0
0.0
0.0
597.84119
7.137341
0.0
0.0
22.401644
1.150623
6.558476400000001
0.60181749
0.0
0.0
0.0
7.682300099999999
4.355147799999999
7.222494599999999
12.649643
35.944496
0.0
281.07797
5.6370497
8.606912199999999e-07
576.05219
-68.131546
0.0
7.2680812
0.0
0.0
0.0
0.0
0.0
0.0
0.0
0.0
0.0
0.0
0.0
0.0
0.0
0.0
0.0
0.0
0.0
0.0
0.0
0.0
184.86574
0.21991637
0.0
0.0
0.0
0.0
0.0
0.0
0.0
0.0
0.0
0.0
0.0
0.0
0.0
0.16740407
0.0
0.39157736
-134.98568999999998
0.0
0.0
15.295986
0.0
0.0
43.391903000000006
156.48027
0.0
0.0
0.0
0.0
0.0
0.0
0.0
0.0
0.0
0.0
0.0
0.0
0.0
0.0
0.0
41.780848999999996
14.916154
0.7000283
0.11731571
8.9693556
0.12765355
0.31452501
0.34982502
0.67754924
1.8615509999999997
0.0
0.56277853
1.9662093999999997
7.0071416
0.0
2.2779372
3.4235250000000004e-05
15.653864000000002
-21.761532
0.41726613
0.37938523
0.13178805
13.14286
2.1824741000000003
34.641888
0.0
0.0
0.0
2.6667794999999996
2.4062607000000003
31.092037
0.0
0.0
0.0
0.0
0.30611303
0.0
0.0
2.2919210999999997
0.10911956
0.0
0.0
0.67807066
0.0
0.0
0.0
0.0
0.0
0.0
0.52701217
0.0
0.0
0.0
0.0
0.0
0.024943281
0.0
0.0040596216
29.333828000000004
-2.6494408
1.4239572
4.4565859
4.8469048
5.6865764
2.0501695
0.0
0.0
0.024450717
1.2403638000000001
0.99755156
14.155555
9.0869875
0.0
0.0
0.0
0.0
0.0
0.0
0.0
0.0
0.0
0.0
0.23240691
9.6213675
0.0
0.0
0.0
0.0
0.0
0.0
7.5432367
0.0
0.88561302
2.5003933999999997
0.0
0.0
0.40018934
210.30312
0.2391109
30.156593
-2.5347459
7.4531465
2.7158422000000004
1.9329939999999999
2.4486208
5.7294717
0.0
0.0
0.0093025388
7.0399728
11.751999
5.3453999
26.909695000000003
0.0
10.457452
0.0
1.8360493000000002
2.0660644
3.2387192000000002
5.7575135
10.632565
1.5471131999999999
0.0
0.0
21.435779999999998
9.252388
6.5432315
5.1172504
1.2949127
11.121499
14.520828
13.889301999999999
13.209674
5.2590156
17.281389
41.687003999999995
3.8082542
509.87729
0.00037454593
0.00032024237
16.998688
-9.0778475
3.8055727
3.6290071000000004
1.383234
2.6424592000000002
7.818656900000001
0.0
0.0
0.029057523
3.6875273999999996
15.309092999999999
9.162488
15.56722
0.0
6.269482599999999
0.0
0.99409878
1.8049791000000002
1.8668938000000002
3.1934412
13.279948999999998
1.4851614
0.0
4.9115725
26.563140999999998
4.4147110000000005
0.83724755
2.520716
1.3478675
1.3989846000000001
5.0231252
2.9106016
6.743379099999999
9.9372244
6.204741
13.927922
5.0621324
196.66977
0.00026053647000000003
0.00022276633999999997
0.9245735999999999
-1.2442195
1.3020402
0.0
0.0
0.0
0.083779037
0.29237175
0.069116205
0.0
0.0
0.32491454
0.084462069
0.7580806
0.12797432
0.19555612
0.10537114
0.0
0.83275819
0.0
0.15586151
0.8952142
0.038603425
0.067878492
0.045299161
0.35608819
0.0
0.0
0.0
0.41121835
0.0
0.0
0.0
0.0
0.0
0.0
0.0
0.0
0.33057359
0.00020016613000000002
0.00017114793000000002
0.064747393
-0.025198863999999998
5.0734792
23.100672
18.060009
0.030035343
0.3944172
23.958477
0.34078756
0.88761997
1.7206736
10.877033
2.6954701
31.913456
7.4802770999999995
7.8819633
2.0901783
2.1478857999999996
9.1385212
6.3287892
2.891247
10.241355
0.57810956
1.6327976
2.6119225
5.5025792000000004
4.5143943
15.133769000000001
24.22344
18.542439
5.0672808
22.537193
60.254555
2.9516473
14.869407999999998
2.7863113999999998
35.530689
58.202346999999996
0.19767253
2188.8577
303.94196
25.286009
0.0
0.0
0.0
0.0
0.0
0.0
0.0
1.4681957
0.0
130.43558000000002
199.57532
12.179889999999999
16.416849
1.6560866
0.0
0.0
0.0
15.015011
0.0
62.059662
77.887749
0.26657048
40.690624
0.0
38.536694
3.631799
6.212680799999999
14.561838
0.0
0.0
0.0
41.424004
12.75955
20.11964
57.958904000000004
37.36853
0.0
105.79126000000001
30.180058000000002
0.030419491
181.16898
-46.079449
0.84435594
0.22906731
0.30108863
0.63898098
5.9954419
0.69859427
0.85242611
0.045020819000000004
139.97916999999998
2.9260794999999997
44.61623
14.993303
5.814447400000001
11.414287
2.0537113999999996
1.3979979999999999
10.821627000000001
1.8364048
0.0
20.243469
0.0
0.0
3.2078249
10.594757000000001
0.0
6.043811799999999
2.1125531000000004
0.55990869
3.7411212999999996
0.0
15.958138
11.829226
0.0
7.4169884
19.898077
9.557641
1.9114963
22.424837
0.0008666014199999999
59.462166
-26.524586
0.76864165
3.4180123999999994
3.5540943
1.6625238999999998
30.609558000000003
0.050805289000000003
0.27148691
0.0
55.927925
0.73004842
3.4693847
475.38049
223.07385
129.38045
12.127815
52.083576
123.02823000000001
27.966509000000002
33.342166999999996
23.903948
0.0
0.59714556
0.54290313
4.561717
5.7374906999999995
0.0
4.3445282
0.18720615
0.0
0.0
6.1476746
1.5637784
0.25715426
3.7900807999999997
0.0
0.0
0.089864939
18.012005
0.051087517
378.06417999999996
-112.6876
5.791224
6.6813044999999995
5.3471250999999995
2.9381425
14.543880999999999
7.469539599999999
4.621777099999999
0.01879362
173.4785
14.867629999999998
10.103606
28.931620000000002
148.53217
138.11002
10.798053
28.219231
97.226349
45.680786
36.778084
46.235008
0.0
1.9630584
2.2878418
29.745132
5.9397669
11.68335
28.437234999999998
7.3202348
3.0231519000000002
0.0
13.499989999999999
7.9737849
2.5013721
22.835720000000002
40.060577
11.28843
8.614710800000001
67.979744
3.3288957999999997
210.89899
-96.39895600000001
6.5441022
2.0951154
1.5208418
4.9551959000000005
11.679186
5.086992700000001
0.0
0.0
50.004272
2.8336092999999996
0.99240059
22.788601
6.971031699999999
123.86611
1.4905863000000001
1.8672620999999998
48.481262
20.342129
3.6453860000000002
9.7986107
0.0
1.405821
1.2032129999999999
13.420426
7.4923387
16.841009
8.418389300000001
6.599071
5.035877200000001
0.0
12.709521
5.8635616
2.7068527000000002
23.750320000000002
8.6165676
1.4676614
0.54387355
601.93085
8.1757069
820.37994
-270.8252
0.0
0.0
0.0
0.0
0.0
1.8008564999999999
1.7782508999999997
0.039717708
23.881229
26.57954
18.029304999999997
100.27309
60.043015000000004
83.341812
208.29718
96.086311
92.875687
108.78478
39.383251
23.037025
0.0
8.300664900000001
3.5241782999999995
42.412533
54.916270999999995
13.642351999999999
6.776389599999999
36.992805
99.548225
0.0
7.089092699999999
16.626469
10.268087
105.92391
30.01642
61.795708
0.0021732866
666.8154900000001
112.49586000000001
1446.7885
-1084.9055
0.94812202
0.0
0.0
0.20477073
0.98659497
0.0
2.4838299999999998
0.095835619
31.95389
2.5863817000000004
0.0
0.0
3.7555398999999996
0.0
4.7193974999999995
29.374446999999996
24.055584
18.912174
0.0
3.7717674
0.0
0.30933687
0.0
5.5695267
1.3106546000000001
0.0
0.0
0.65194511
9.167696000000001
0.0
0.0
12.451458
2.1184332
22.294970000000003
14.490089000000001
13.96737
18.798149
311.84497000000005
32.925194
225.89775
-182.12845
2.1347375
1.337051
1.2533436000000002
1.0186912000000001
2.5733321
2.3461057999999997
2.3220704
0.01638975
12.327914999999999
1.3714956
1.1471194
23.126220999999997
7.4954481
79.140411
0.0
0.0
389.26477
10.054423
6.1096025
5.2081456
0.0
0.0
1.2928447
0.0
16.335587
71.625961
31.270645000000002
0.78014243
0.0
0.0
16.610981
10.115592999999999
5.4244151
9.6692886
18.480839000000003
9.037086500000001
6.470341e-05
887.3975800000001
13.922751000000002
868.94348
-435.17697000000004
0.41931474
0.0
0.0018129435999999998
0.050017893
0.0
0.21162361
0.032553457
0.0
0.17403524
0.079095975
0.022117209
4.3755698
0.48388225
0.0
0.0
0.0
0.0
105.13235
0.04073846
0.0
0.0
0.0
0.0
0.0
0.2478549
1.4163729
20.909504000000002
0.0
0.0
0.0
0.21571402
1.280887
0.0
38.825977
0.89722073
54.703132999999994
0.0
139.54124
50.851574
463.03787
-43.033787
0.0
0.48358729
0.64005303
0.09311755699999999
1.1113142
0.41802567
0.1980993
0.0
37.705090000000006
3.1283782
1.0472645
2.5996644
4.8775392
9.755442599999999
0.49872833
1.6915578000000002
4.825568700000001
1.2014395
79.82296
0.0
1.9139688999999998
0.75721574
0.0
0.0
8.7423391
13.591244
0.74422461
0.74451405
2.9785947999999998
3.9153612
51.515057
9.837842
5.1199083
154.52756000000002
21.669722
7.034024700000001
167.41185
659.63324
6.2408314
544.2836900000001
-278.21671000000003
41.317085
0.0
0.0
0.0
0.0
0.0
0.0
0.0
0.0
0.0
0.08438246
0.069676809
0.026568867000000003
0.0
0.0
0.0
0.0
0.0
0.0
395.72327
1.5748581
0.0
0.0
5.043643
1.9976929
42.976315
1.1001208
0.0
0.0
0.0
0.0
1.8011631000000001
20.450548
118.30941999999999
268.70444
0.0
1356.0668
4.53618
7.5171207e-05
386.84058
-103.15199
0.0
0.0
0.0
0.0
0.0
0.0
0.030332478
0.0
4.9745369
3.701052
0.30201668
0.23006296
0.019266021
0.0
0.0
0.0
19.096602999999998
0.0
21.227873000000002
0.0
45.523506
3.5547161
0.0
4.5218801
1.1052243999999998
7.526782000000001
0.78995353
0.0
0.0
0.0
0.0024678567000000003
2.4682827
1.5537895
0.92946541
12.624526
0.0
359.78463999999997
47.011169
0.009797243399999999
125.17233999999999
-370.98599
0.0
0.0
0.0
0.0
0.0
0.0
0.0
0.0
0.0
0.0
0.0
0.0
0.0
0.0
0.0
0.0
0.0
0.0
0.0
4.7795572
0.0
8.286335000000001
0.0
0.0
11.956811
17.856915
0.68600786
18.359438
8.8926935
39.471851
0.0
11.041058999999999
8.5357199
12.093931
5.8838754
16.130013
8.7380304
1.4535992
0.0061713494
11.523568
-2.1466205
20.40271
0.91636908
0.52397215
1.4257289
3.7291708
0.011733907
0.0
0.037013341
35.0261
5.1329961
1.2572907
2.7652972
0.0
4.1722479
0.0
0.53676027
0.25183466
0.69024533
1.9439157999999999
2.3040792999999997
0.31720570000000003
0.0
26.16243
33.504757
9.9570913
1.7691098000000003
76.11488299999999
0.83975798
6.9847689
7.9325418
5.7711148
23.286348
8.609435099999999
9.3128729
9.2757235
8.0403824
127.70238
0.0
0.0014658703
37.683052
-52.381157
50.583958
2.912199
3.8211052000000003
1.0874462999999999
14.343353
0.72041315
0.93398362
0.033787627
63.011028
35.135071
16.60504
16.495523000000002
20.667028
37.763668
9.157345800000002
14.022503
53.902618000000004
13.747313
56.717918000000004
53.645767000000006
25.173496
9.613323199999998
17.467962
667.9372599999999
23.495378
13.125257000000001
11.495686
2.6138017000000002
5.8196707000000005
2.4751513
12.694962
14.904948999999998
15.605367000000001
53.290424
38.439780999999996
26.123262
397.94073
56.121124
0.036635146
912.43713
-270.27109
59.510689
2.6700969
1.5883052
3.9988818
11.680513000000001
3.4796312000000005
8.558147400000001
0.16218154
117.95924
63.599075
16.637302
89.94410699999999
56.371304
107.47065
10.949847
31.674883
87.57679
8.1039114
49.93261
174.83421
12.879947
12.834741000000001
92.75647
201.99376999999998
123.12737
48.374802
37.102856
7.558378200000001
34.419888
1.3259016000000001
51.993984000000005
0.0
41.172996999999995
23.872194
57.292632999999995
25.557934
1359.3392
579.96448
25.730926999999998
762.4704
0.0
0.62315106
1.0796626
0.64208144
0.0
2.0009043
0.82007921
2.4314651
0.16033885
194.59915
0.74762207
0.0
0.19934224
0.0
0.66511184
0.0
0.0
0.55892664
0.27863795
2.5601997000000005
0.0
0.0
0.0
4.724639900000001
0.0
2.7755959
6.5421495
18.491276
0.82295418
0.57232004
0.49823445
45.49773
0.0
0.38068527
1.0186994
19.118617999999998
0.0
2477.7051
1384.4684
0.23491858
49.693253000000006
0.0
32.278084
1.2544851000000001
0.74606383
9.2366352
13.411844
26.809490000000004
130.58751
0.12355435
45.897453000000006
36.876995
29.260002000000004
52.695988
14.611170000000001
18.377125
0.62120944
4.906630000000001
8.416505800000001
2.833853
15.743692999999999
73.938675
3.3836712999999996
5.7353697
33.30624
64.54645500000001
72.876007
87.978104
325.04669
7.7928023
35.98597
6.0911827
20.036486
0.0
20.372929
15.637873
30.637128999999998
34.245284999999996
700.2900400000001
133.64609
3.7407675000000005
297.19644
-42.318871
4.0601358
0.75445837
0.82061702
0.16053146
0.7145381
0.0
0.0
0.046443131
34.422092
4.6329069
0.97373164
1.5158821000000002
0.0
0.0
0.0
0.0
0.0
8.1683664
3.2837501000000002
4.1601596
0.15038513
2.0384598
0.44711733
5.3321438
7.664177400000001
0.78542745
18.257471
234.33522000000002
0.0
49.032612
22.427630999999998
0.0
19.014015
45.38493
60.090359
35.399677000000004
279.08664
202.53079
0.02764428
81.395958
-13.408005
4.2105246
16.978872
18.393066
0.79560888
6.693011299999999
8.0435867
9.6837444
0.05342526400000001
61.060925
19.751804
13.751462
25.640255
39.995251
32.627251
179.9715
124.68051000000001
28.298159000000002
39.678612
12.484585000000001
24.160585
2.8150139
5.586657499999999
4.766522900000001
35.380413
34.103218
58.469086
44.969685
48.576653
378.60067999999995
222.87996
70.133659
242.29797000000002
44.073231
114.96016999999999
50.732872
193.4528
86.441895
1685.8938
105.28267
384.77609
-88.29786700000001
46.242348
1.4073298
1.5286287
2.5468737999999997
6.0823426
12.47165
18.935968
0.24104913
49.471066
6.498025900000001
6.794353999999999
22.11178
43.458969
30.911518
0.0
0.0
18.126797
17.259339999999998
22.908768
15.64741
2.3389108
4.5136743
3.523536
14.933935
63.323131999999994
59.82283
95.22223699999999
23.192945
51.094936
1631.8217
655.0631099999999
224.89445
14.054529999999998
110.0142
225.60095
71.074875
1678.1295
0.0078696562
0.006728658
221.09935
-161.35168000000002
37.494842999999996
21.682526
20.859165
6.1538639
19.526602
7.269236099999999
3.3614292000000003
0.22813651
132.07066
14.135267
4.6072068
16.508983999999998
27.559658000000002
29.150707
15.832407
16.204051999999997
20.244970000000002
34.708275
19.583696
34.320152
2.580797
11.2047
2.9223404
17.026915
67.236298
229.67897000000002
107.47815
48.005767999999996
102.4762
185.54849
425.31635
229.66324
50.179207
652.0423599999999
315.40417
70.701309
981.23962
255.14493
0.20012356
456.59015
-19.155163
5.2329426
12.048737
9.621376
6.5154581
32.871452000000005
32.387173
10.635069
0.63095474
236.14931
40.698265
23.586554
50.030899
50.599262
64.88653599999999
33.53392
44.496922
40.420155
57.026343999999995
62.223351
117.01775
5.436985
16.330587
16.971575
203.5947
203.15277
203.44
109.85508
83.063896
204.38412
346.13358
218.87517999999997
440.25586
80.478004
189.80923
204.6893
157.1846
235.28246000000001
120.14542
0.16271470000000002
295.78112999999996
-41.793102000000005
1.3886906
0.0
0.0
0.0
0.010993111000000002
0.25842935
0.24281307
0.0
0.0
0.0
0.0
0.0
0.0
0.0
0.0
0.0
0.0
0.0
0.0
0.0
0.0
0.0
0.0
0.21824765
0.35243270000000004
0.0
0.0
0.0
0.0
0.0
0.0
0.0
5.202350099999999
0.0
1.631189
7.1957879
121.85498
5.9297196e-05
870.86774
4.1288342
0.0
0.0
0.0
0.0
0.0
0.0
0.0
0.0
0.0
0.0
0.0
0.0
0.0
0.0
0.0
0.0
0.0
0.0
0.0
0.0
0.0
0.0
0.0
0.0
0.0
0.0
0.0
0.0
0.0
0.0
0.0
0.0
0.0
1.8556131
0.52884185
0.0
0.0
3073.6606
13.716432000000001
150.36121
71.285263
-17.892551
3.9616528
0.0
0.0
0.0
0.88337314
6.088316900000001
1.697441
0.07646576299999999
64.313698
6.9907951
5.3600192
32.959896
6.7265892
2.5383515
0.0
0.0
0.0
0.0
9.6582508
6.670348599999999
1.6369433
5.4586725
2.4308167000000003
16.862047
16.161177
41.618904
34.260647
17.255039
50.229294
93.380157
46.707508000000004
88.88606300000001
22.191757
0.61550516
86.49344599999999
26.599297999999997
2833.2441
0.009960629
0.0085193207
85.732086
-10.920019
0.26250586
0.0
0.0
0.0
0.092346415
1.3180729
0.65791327
0.017417481000000002
3.1560377999999996
1.6900993999999998
0.68737411
12.009094000000001
0.76698714
0.57285875
0.0
0.0
0.0
0.0
1.5410414
1.6138121
0.30533275
0.83170098
0.50970024
2.3235154
8.8630829
31.802708000000003
21.470488
3.0187054
4.2006989
19.8262
3.8036237
14.456335000000001
7.6935697
0.21415135
17.892164
14.775739999999999
34.650257
0.21354677
1573.5249
3.6588947999999997
-17.454269
215.82032999999998
55.2034
55.203442
37.79652
48.026466
541.05109
91.58530400000001
2.7948017000000003
376.4852
125.26341000000001
57.281124
64.180542
120.19488999999999
116.92063999999999
39.528324
52.900627
553.14612
78.10025
114.60179
218.39197000000001
24.217798000000002
21.269358
150.03082
433.92080999999996
605.75562
918.29425
234.61032000000003
272.71991
229.48067000000003
1112.1958
1383.8954
860.0144
173.73187
396.62543
456.13474
371.46283
0.0
0.0
0.0
0.0
0.0
143.43985
24.447584
20.513176
21.056828
44.443943
136.97446000000002
6.2016230000000006
2.51612
875.4874900000001
117.82786999999999
58.364169999999994
84.896469
146.339
138.27331999999998
81.657562
110.19375
133.38161000000002
151.85747
146.93898000000002
214.27472000000003
37.368953999999995
33.174793
5.6031051
294.56775
720.8645
886.14911
425.01642000000004
150.63019
462.45822000000004
836.2871700000001
288.83066
1746.0646
374.35797
1335.4633
754.35236
556.96954
0.0
0.0
0.0
0.0
0.0
