! File: iot_modhar.txt
! Filter: p01s.json
! Periods: 1
! Years: 2080
!
38 36 1 header "O001"
   longname "io"
   coefficient io(ninp,nind,time)
   ;
! time=0 data, year is 2080
0.22782756
0.0
0.0
0.0
0.0
0.0
0.00014436363
0.0
0.0018470229000000001
0.059707042
0.0
0.00014660716999999999
0.0
0.0
0.0
0.0
0.0
0.0
0.0
0.18751368
0.022462792999999998
0.0
0.0
0.0050964709
0.00028547767000000005
0.0013526120000000002
0.00018643092
0.0
0.0
0.0
0.0013333032000000002
0.00053742371
0.0038289351
0.001878506
0.006991771999999999
0.0
0.0
0.0834639
0.0
0.0
0.0
0.0
0.0
0.0
0.0
0.0
0.0
0.0
0.0
0.0
0.0
0.0
0.0
0.0
0.0
0.0
0.0
0.0
0.65038848
0.00032920663999999996
0.0
0.0
0.0
0.0
0.0
0.0
0.0
0.0
0.0
0.0
0.0
0.0
0.0
0.0
0.053515024
0.0
0.0
0.039335042
0.31981409
0.0
0.0
0.0
0.0
0.0
0.0
0.0
0.0
0.0
0.0
0.0
0.0
0.0
0.0
0.0
0.034645222
0.0052628084
0.00026935543
3.7522993999999997e-05
0.0043090885
0.00012482716
0.00017370852999999998
6.965833e-05
0.00018236836999999998
0.00035625411
0.0
0.00012961129999999998
0.00059313781
0.0033138467
0.0005557017299999999
0.0015500125
0.0006959859700000001
0.11840694
0.009239166
0.047402225
0.0
0.0
0.0
0.004512626699999999
0.009954962900000001
0.036083777000000004
0.0
0.0
0.0
0.0
0.00038236135
0.0
0.0
0.0016828447
0.00080394652
0.0
0.0
0.00036112862
0.0
0.0
0.0
0.0
0.0
0.0
0.00021411917
0.0
0.0
0.0
0.0
0.0
0.0015441923
0.014826303999999998
0.020843221000000002
0.041717086
0.0070672315
0.0
0.0
0.0026566712
0.00047553214000000006
0.0013745277
0.047686967999999996
0.008587338
0.0
0.0
0.0
0.0
0.0
0.0
0.0
0.0
0.0
0.0
0.00023687389
0.004172531
0.0
0.0
0.0
0.0
0.0
0.0
0.0024955627
0.0
0.0008949688099999999
0.0007078084700000001
0.0
0.0
0.010096793
0.011286896000000001
0.010384131
0.022440059
0.024672517999999997
0.0
0.0
0.0012626619
0.0033716391999999997
0.020228757
0.022495328999999998
0.031767771
0.0
0.012513693999999999
0.0
0.0043307687
0.0026251323999999998
0.0065966859
0.0096942084
0.0079414099
0.011594762
0.0
0.0
0.011612919
0.005466450899999999
0.0032134757
0.0037748723
0.0019442769
0.0094312811
0.0044397139
0.0057402463
0.0038816687
0.0066390769
0.0061111855000000005
0.019309364
0.0027654059
0.0047025168
0.013757018000000001
0.006778005
0.022089062000000003
0.030711256
0.0
0.0
0.003597582
0.0016109123
0.024036622
0.035171598
0.016763147
0.0
0.0068431785
0.0
0.0021388321
0.0020919247
0.0034684754999999997
0.004904591
0.0090473732
0.010152662
0.0
0.0057041976000000005
0.013126473999999999
0.0023791420000000003
0.00037506205
0.0016961179000000001
0.0018459985000000001
0.0010821484
0.0014008902
0.0010972343
0.0018074673999999998
0.011442866999999999
0.0020014141
0.005884643199999999
0.0033529955
0.0020941733
0.0
0.0
0.0
0.00042833015
0.00048316133
0.00025751572999999995
0.0
0.0
0.0006640045900000001
0.00042200569000000004
0.0010625216
0.00022851901
0.00027782767000000006
0.00038173926
0.0
0.0012562345
0.0
0.00031157362
0.00079383631
0.00034348678
0.00063307123
6.8476584e-05
0.00022903618999999998
0.0
0.0
0.0
0.0007330515700000001
0.0
0.0
0.0
0.0
0.0
0.0
0.0
0.0
0.0050406796
0.070409939
0.071153626
0.00020187124
0.0012456445
0.024457437999999998
0.00078433676
0.088359252
0.0006043771299999999
0.013731163999999999
0.0083192866
0.027630657000000003
0.0082511064
0.0069172499
0.004677604
0.0037156194
0.0085157463
0.0094539337
0.0035702775
0.0056099165
0.0031775271000000003
0.009406926099999999
0.0024389741
0.0021862902
0.0019560975
0.005450913199999999
0.013105115
0.020418501000000002
0.0031515320000000003
0.0050536226
0.018263305
0.00063610706
0.013766903999999998
0.0007226297200000001
0.012070085
0.030996511
0.0
0.0
0.0
0.0
0.0
0.0
0.002649585
0.0
0.035923671000000004
0.19755082
0.029476101
0.011145057
0.0014323615
0.0
0.0
0.0
0.010971033
0.0
0.060089875
0.033453632000000004
0.0011488579
0.18381664
0.0
0.012005799
0.0012339226
0.0017545926000000001
0.0061772660999999994
0.0
0.0
0.0
0.0098450221
0.0021561366
0.014606224
0.011786408
0.0099537745
0.0
0.00071756757
0.00059720926
0.0010146762
0.0036735318
0.016196214
0.0006100013900000001
0.0016781454000000002
0.0038334727000000003
0.042055905
0.0031596359000000004
0.11778731
0.011103726000000001
0.005486014799999999
0.0085684424
0.003931276500000001
0.0020686195
0.0086256796
0.0023464668
0.0
0.0094850138
0.0
0.0
0.0025621916
0.0036006968
0.0
0.0018620318
0.00097761233
0.0005273855599999999
0.0019902270000000002
0.0
0.0041373828000000005
0.0021806008
0.0
0.0016453860999999998
0.0057819164
0.0043538865
0.00069923454
0.0095389104
0.012821055
0.010231175
0.08851382099999999
4.748719199999999e-05
0.0005721151799999999
0.0
0.017986802
0.0008438481599999999
0.0098043727
0.37685519
0.22529884
0.10396412
0.024850691
0.08249671
0.10497051
0.038251277
0.037698697
0.011989038
0.0
0.0031500055999999998
0.00046417847999999997
0.001659532
0.002276296
0.0
0.0021521044
0.00018875256999999998
0.0
0.0
0.0017061457
0.00030857217
0.0002179978
0.0009000163400000001
0.0
0.0
0.004815498400000001
0.017043481
0.017631412
0.016527317
0.038442027000000004
0.0063816542000000006
0.008902572099999999
0.0015657523999999998
0.050996788
0.015708195
0.026098505
0.020964175
0.13712059
0.10144062
0.020224288
0.040855721
0.075826041
0.057110130999999995
0.038009621
0.021196179
0.0
0.0094653405
0.0017879714
0.0098911114
0.0021540117
0.0035219013
0.012875972
0.0067463629
0.0015736001000000001
0.0
0.0034246056
0.0014381956
0.0019382447
0.0049566533
0.01138968
0.0050314544000000004
0.0058287046999999995
0.0057247449
0.0053715785
0.029856676000000002
0.033066608
0.004655343
0.0
0.0
0.015745463
0.0032068278999999996
0.0027458534999999997
0.017687801
0.0068933503
0.09745191
0.0029904465
0.0028957704
0.040500414
0.027241254
0.0040355162
0.0048117414
0.0
0.0072607947999999995
0.001007229
0.0047802059
0.002910363
0.0054378728
0.0040829382000000004
0.0065144626
0.0028077646
0.0
0.003453484
0.0011328334
0.0022467051
0.005521975
0.0026240963
0.00070070784
0.0
0.0
0.0
0.0
0.0
0.00065546337
0.0014592491
0.0014097
0.002990775
0.011963600000000001
0.019840293999999998
0.030954182
0.023614271000000003
0.026078317
0.16620386
0.059265118
0.0308579
0.057939887
0.017339872
0.0044992794
0.0
0.01705084
0.0011733358
0.0060083228
0.0084841745
0.0017519792000000001
0.0013071365
0.014524187
0.022074853999999998
0.0
0.00076612155
0.0012775661
0.0033896102
0.009794849
0.0036356589000000003
0.011734056999999999
0.0011634646000000001
0.0
0.0
0.0016998691
0.0038484241999999997
0.0
0.007060678199999999
0.011783048999999999
0.013862418999999999
0.0040326938
0.0
0.0
0.0051164958
0.0
0.013044651
0.062761813
0.027686521000000002
0.034893066
0.0
0.0025518176000000003
0.0
0.002201166
0.0
0.0027331633000000004
0.00070143107
0.0
0.0
0.00088669406
0.007042270600000001
0.0
0.0
0.0033142995000000003
0.0024224967
0.0071416539
0.0060797189
0.0091874022
0.0016539333
0.0031779543
0.0038506982
0.0053391815
0.0063375938
0.0018676249
0.0041675852
0.0012722942999999999
0.0033766765
0.0013501487
0.0027608988
0.015613934
0.0064473674
0.05416112
0.0
0.0
0.28286693
0.011712223999999999
0.0058832867
0.0022247047
0.0
0.0
0.0009414202099999999
0.0
0.0055197072
0.020117911000000002
0.013192652
0.00066991732
0.0
0.0
0.0039262240999999995
0.0016999941
0.0039163893
0.0019555592
0.0048957434
0.0037531082
0.00036570075
0.0
6.2699764e-06
0.00029510037999999996
0.0
0.00018963497
6.576858100000001e-05
0.0
5.3659823999999996e-05
8.765037599999999e-05
5.9921742e-05
0.0033254814
0.00046852927000000003
0.0
0.0
0.0
0.0
0.13785763
4.4159475e-05
0.0
0.0
0.0
0.0
0.0
9.4273804e-05
0.00044781875
0.0099300463
0.0
0.0
0.0
5.7394514e-05
0.00024231435000000002
0.0
0.008839162099999999
0.00026755218
0.025573319
0.0
0.0009471836999999999
0.001620485
0.00040218269
0.0022554079
0.00027422351
0.00029298928
0.0
0.0085105859
0.0025378507999999998
0.0020771022
0.0014463873999999999
0.0034573646000000003
0.0055016885
0.00071722287
0.0018804286
0.0028896496999999996
0.001153304
0.063342407
0.0
0.0067602689
0.0028033992
0.0
0.0
0.0024342691000000002
0.0031458014000000003
0.00025873727000000005
0.00052684138
0.0011904418
0.00056418922
0.010033989
0.0013624344
0.0030461748
0.025753846
0.0047305319
0.0024072777
0.033315651
0.0
0.0
0.0
0.0
0.0
0.0
0.0
0.0
0.0
0.00021136797
4.8959955e-05
2.3784989e-05
0.0
0.0
0.0
0.0
0.0
0.0
0.17592436
0.0070251562
0.0
0.0
0.0016263772
0.00070251425
0.012562809
0.00048303737999999996
0.0
0.0
0.0
0.0
0.00031503171
0.015366784
0.024902385
0.074082725
0.0
0.0
0.0
0.0
0.0
0.0
0.0
7.5060692e-05
0.0
0.0018786595000000001
0.0050235181
0.0010022322
0.00021416572
2.2849274e-05
0.0
0.0
0.0
0.019133251
0.0
0.028184421
0.0
0.26903003
0.022019435
0.0
0.0019317301999999998
0.00051490526
0.0029148578
0.00045950731
0.0
0.0
0.0
8.0425787e-07
0.00057193486
0.0015467521
0.00025918227
0.0046111327
0.0
0.0
0.0
0.0
0.0
0.0
0.0
0.0
0.0
0.0
0.0
0.0
0.0
0.0
0.0
0.0
0.0
0.0
0.0
0.0
0.0019540016
0.0
0.035630021
0.0
0.0
0.0038667368
0.0048002829
0.00027699527
0.015088798
0.0041277967
0.0066058505000000005
0.0
0.0017758848000000002
0.0058982214000000005
0.0023409489
0.0014917924
0.0064112889
0.052759513
0.0072695832
0.0053730025
0.024940696000000002
0.030653514
3.1176271e-05
0.0
0.009589875999999999
0.032020714
0.016865436
0.010099898000000001
0.006231447199999999
0.0
0.0095301317
0.0
0.0024167411
0.00061079016
0.0026836453000000002
0.0062477547
0.0032849303000000002
0.0045378469
0.0
0.063585006
0.034647963999999996
0.011229315
0.0016584664
0.10717767
0.0024068051
0.011306509
0.0046296176
0.0045528039
0.013061617
0.020746605
0.006286365
0.008201329
0.011144966999999999
0.05973364
0.010550023
0.017893326
0.0086870566
0.053840857
0.00087409047
0.0025549419
0.0039976579
0.026305651
0.052718215
0.06091363
0.01697487
0.027095394
0.039390925
0.024357499999999997
0.028831588
0.059700727
0.024408028999999998
0.083245359
0.03492669
0.16445446
0.06582818900000001
0.019387068
0.31542796
0.012100307
0.0056189215
0.0073920148
0.0034209962
0.0043019778000000005
0.0006596715
0.004573449
0.0038178534999999997
0.017172741000000002
0.016427003
0.015520674
0.016535705
0.037589267
0.0051739481
0.0039783111
0.017087011000000003
0.023452325
0.002258243
0.012522304
0.010263892
0.026340691
0.051042669000000006
0.032645263
0.04950804599999999
0.039531041
0.059961796
0.015578795
0.034835394
0.051882565
0.007696128000000001
0.039200056000000004
0.060885105
0.04500687900000001
0.047009774000000004
0.055065148
0.05102290599999999
0.033918079
0.011077123999999999
0.012761392
0.0052914089
0.013609491000000001
0.00018901662
0.010019089
0.0
0.024234874
0.0039360826
0.01237346
0.0086533399
0.00037276633999999996
0.0019813333999999998
0.0015231032000000001
0.0
0.0038047377
0.0005040431299999999
0.0033693567
0.009610010300000001
0.041153863
0.00056824955
0.0
0.00010391466
0.0
0.00035144214
0.0
0.0
0.00031358960999999997
0.00025060648
0.0019034906
0.0
0.0
0.0
0.0026562916999999997
0.0
0.0007241147099999999
0.0014187397
0.0060232654
0.0005456231900000001
0.00021431168999999997
6.7266199e-05
0.0083030825
0.0
0.00021221147999999997
0.0001590715
0.0039104191
0.0
0.026628554
0.0031749103
0.0024406845
0.051548045
0.03517089
0.022724636
0.24956119
0.010212678000000001
0.013386118999999998
0.038655296
0.074986398
0.037883624
0.013382465
0.013391623
0.0011543427999999999
0.0070479037
0.006512311800000001
0.0035150042
0.016142841
0.033630028
0.015442724
0.027436795
0.025824331000000002
0.02129465
0.026219968
0.026311967999999998
0.14601831
0.0071253674
0.018583888
0.0011341257000000002
0.0050427523
0.0
0.015662197
0.0033675993
0.0086419415
0.015143621000000001
0.0028139639
0.0016041293
0.002255352
0.00075265637
0.0015741945999999999
0.0
0.0
0.0032250851
0.008434153199999999
0.0040798592
0.0020964551
0.00091554044
0.0
0.0
0.0
0.0
0.0
0.0085118096
0.0028286655
0.0015896579999999999
0.0005766055000000001
0.0081924209
0.00029124811
0.0014778764
0.0023166010999999998
0.00019734357
0.0068903351000000005
0.18000697
0.0
0.0076697776
0.0047420664
0.0
0.012280363999999998
0.0082109347
0.014239877
0.01315123
0.0017454684
0.021592889
0.030236101
0.0022311769
0.0088196713
0.0034260528999999996
0.009299395600000001
0.0022190353
0.0089488141
0.010403901
0.017708957
0.0092625869
0.018407529
0.011947363999999999
0.16804919
0.08999351400000001
0.011002656000000001
0.024730957999999997
0.0064325542
0.005522033199999999
0.0064558326
0.013429505
0.0018571251
0.0058653913
0.0061656507
0.008787008
0.010151201
0.022319125
0.098247327
0.020852907
0.008869691800000001
0.021787537000000003
0.017025901
0.012440166
0.0071909903
0.04298728
0.038252227
0.0035714034
0.0050143511
0.014252233000000001
0.015993474
0.010600084
0.036286071
0.019978561000000002
0.014467531
0.006829862
0.017459561999999998
0.015939500000000002
0.039912373
0.022586712999999998
0.0
0.0
0.01406376
0.021465933
0.023553319
0.0071363333
0.010703515
0.021651062999999998
0.0027394239000000003
0.0049402555
0.02284478
0.017940013
0.042892069000000005
0.021264078
0.026458077000000003
0.30465570000000003
0.16531271
0.040353216000000004
0.010834093999999999
0.023755738999999998
0.063808903
0.031515349
0.027950147
0.049584805999999995
0.06166026
0.031032667000000003
0.046269447000000005
0.0055676242
0.0058045983
0.017039197
0.03480529
0.013388448
0.010668876
0.010724253999999999
0.02280855
0.019194532
0.026583761
0.021031635
0.014154458
0.038900423999999996
0.018144324
0.014105145
0.010642958000000001
0.048433400999999994
0.0020474207
0.0050758272
0.02185869
0.062068715999999996
0.04362691900000001
0.039662473
0.047818850999999996
0.031216901000000002
0.096723258
0.037135272999999996
0.034857467
0.12687947
0.080390267
0.028250696000000002
0.0061205528
0.043232698
0.044624947000000005
0.051552325
0.12221335
0.038921207
0.028815132
0.073940881
0.09764672099999999
0.060483124000000006
0.08569935
0.050993774000000006
0.065705262
0.067037083
0.088345811
0.090617381
0.04434107599999999
0.10028338
0.09045480199999999
0.075459197
0.035180237
0.1107589
0.018656515
0.095229052
0.10362754
0.086262085
0.06996592900000001
0.10767895
0.14964265
0.09137096300000001
0.078099355
0.11169465
0.087716505
0.05795154
0.08185841099999999
0.09854708599999999
0.001461691
0.0
0.0
0.0
3.6781192e-05
0.00027948627
0.00059204915
0.0
0.0
0.0
0.0
0.0
0.0
0.0
0.0
0.0
0.0
0.0
0.0
0.0
0.0
0.0
0.0
9.1866677e-05
0.00016178345
0.0
0.0
0.0
0.0
0.0
0.0
0.0
0.0051028066999999995
0.0
0.00058705371
0.004059921
0.0
0.0
0.0
0.0
0.0
0.0
0.0
0.0
0.0
0.0
0.0
0.0
0.0
0.0
0.0
0.0
0.0
0.0
0.0
0.0
0.0
0.0
0.0
0.0
0.0
0.0
0.0
0.0
0.0
0.0
0.0
0.0
0.0020156454
0.00016091483
0.0
0.0
0.00383933
0.0
0.0
0.0
0.002721312
0.006062404300000001
0.0038107404999999997
0.007424853299999999
0.022034789
0.0086083384
0.016136665
0.027835501000000002
0.007237444599999999
0.0021729348
0.0
0.0
0.0
0.0
0.011633518999999998
0.0035640466999999998
0.0087762438
0.030675967999999998
0.0022140885999999997
0.0065350318000000004
0.0068306155000000006
0.014622063000000001
0.018079916
0.018533986000000002
0.030471914
0.020424595
0.013809311999999999
0.018685095
0.020041498999999997
0.00015570901
0.028660631000000002
0.013817784
0.00024288964
0.0
0.0
0.0
0.00027160960999999997
0.0012530776
0.0014101791
0.0016147196
0.0010323775
0.0019869911
0.001975748
0.0096831005
0.00078789686
0.00046820214000000006
0.0
0.0
0.0
0.0
0.0017722209
0.0008232633099999999
0.0015629294
0.0044624088000000004
0.00044324982000000003
0.0008597533500000001
0.0035765357000000003
0.010667755
0.010817668999999999
0.0030957404999999998
0.0024330728
0.004140276
0.0010736774
0.0029014214
0.006633723199999999
5.1724201000000005e-05
0.0056605199
0.007328386
0.23797268
0.50143361
0.48942333
0.29666293
0.17144926
0.57252604
0.27263266
0.32767141
0.027553925
0.15518476
0.066214524
0.031013303
0.10925212
0.15449199
0.16992526
0.17502506
0.035991181000000004
0.10006315
0.15712994
0.12027062
0.08761596699999999
0.062984206
0.09500008800000001
0.20066559
0.24327084
0.22154403
0.10393921
0.26874205
0.12171569
0.24473961
0.41177917
0.17951705
0.14204879
0.12487897
0.13180391
0.18975335
0.20209594
0.11850721
0.12989113
0.22837311
0.22170427
0.20861256
0.025417328
0.38747174
0.44457847
0.20946541
0.26748058
0.12152965
0.23201837
0.17575713
0.2689836
0.28779140000000003
0.14222756
0.27946659999999995
0.26820272
0.15812415
0.27654429999999997
0.2656998
0.0088144429
0.17025203
0.46390605
0.46307832
0.33901849
0.24916639999999998
0.42055064
0.2501156
0.1204223
0.54605168
0.49224621
0.49798954
0.36275831
0.40953007
