! File: kal_modhar.txt
! Filter: p01s.json
! Periods: 1
! Years: 2080
!
1 header "K001"
   longname "kal_version"
   coefficient kal_version(time)
   ;
! time=0 data, year is 2080
205.0
36 1 col_order header "K002"
   longname "kalp"
   coefficient kalp(nind,time)
   ;
! time=0 data, year is 2080
-0.73227328
1.7616300999999999
0.36538503
0.17531
0.23764983
0.29636312
0.8745531999999999
0.65309501
0.29399264
-0.036618437999999996
-0.051571500000000006
-0.021853212
-0.13585588
-0.28504714
-2.8894701
0.014029323
-0.16171771
0.08062166700000001
-0.74937314
0.055103265
-0.55429369
-0.035045154
0.59620696
0.097409539
-0.98994964
-0.65984696
-0.39404964
-0.41520849
-1.4665798
0.155159
-0.16243044
0.37108451
0.07793557599999999
0.31751016
0.20713559
0.07942237
4 36 1 header "K003"
   longname "kalf_o"
   coefficient kalf_o(s_o,nind,time)
   ;
! time=0 data, year is 2080
0.12333414
0.25916001
0.078164451
0.19233005
0.055036000999999994
0.19485348
0.030635592000000003
-0.032171998
0.012737961
0.0023359144
0.039039139
0.034632001
0.085557759
-0.004673025999999999
0.034683343
0.0064873155
0.026898315
0.027476
0.047439978
0.053761277
0.0043952344
0.030180000000000002
0.16482
-0.021546861
0.0057560001
0.0069855483999999995
0.015631309
0.022871552000000003
-0.13591133
0.06457499400000001
0.046070248
-0.038156375
-0.024512138
0.025463691
0.0027941137
0.0027941137
-0.12825553
0.019538999999999997
-0.070018724
-0.019563105
0.044142
0.039332841
0.0056629051
-0.003855
0.00043835718
0.031126585
0.017997723
-0.018981863
0.067107312
0.016506137
0.09999109099999999
-0.034088033999999996
0.087593615
0.023714
0.11684071
0.049198415
0.031539552
0.068186
0.022203
0.024541862
-0.014547999999999998
0.050758860999999995
-0.011082518999999999
-0.00060567266
-0.05998398
-0.05537026
0.040344756
0.046488028
0.14448
0.0014130056
-0.0048582
-0.0048582
-0.0038768505
0.22976001
0.07880699599999999
-0.04840738
-0.0098719997
-0.053738959
0.17618243
-0.074699
-0.0077028712
0.026551895
0.0080350032
0.0022088906
0.059777308
0.002612269
0.031535406
0.0052601751
0.010114343000000001
0.0006772827499999999
-0.026472867
0.010482138
0.0035439396999999997
0.015359999999999999
0.18935999
0.028349724
-0.0038745
-0.018111000000000002
0.052297045
-0.0023839553
0.014860575
0.0076722084
-0.0035611186
-0.013227724
0.032603137000000004
0.004886732899999999
0.0011427
0.0011427
0.0087982314
-0.50845897
-0.08695272400000001
-0.12435957
-0.089305997
-0.18044735
-0.21248093
0.110726
-0.0054734475
-0.060014397000000004
-0.06507186599999999
-0.017859029
-0.21244238
-0.014445381
-0.16620985
0.022340542
-0.12460627
-0.05186728400000001
-0.13780783
-0.11344182
-0.039478727000000005
-0.113726
-0.37638301
-0.031344723
0.0126665
-0.039633412
-0.056845833
-0.019881925
0.18103473
-0.016876947
-0.082853884
0.0048960717
-0.15257099
-0.031763431
0.00092138618
0.00092138618
2 36 1 header "K004"
   longname "kalf_ene"
   coefficient kalf_ene(s_e,nind,time)
   ;
! time=0 data, year is 2080
0.15380999
0.064976998
0.037145
0.038447
0.09808599900000001
0.0
0.0
-0.054946002
-0.038458999
0.18893
0.14918999
0.16324
0.21857999
0.18775
0.31505001
0.19667999
0.26462999
0.22490001
0.19022999999999998
0.20058
0.26194
0.17535999
0.0
0.066565
-0.040585
0.1435
-0.027682001
0.24745999
0.38695999999999997
-0.030014001000000002
-0.0080875997
-0.038467001
-0.018896
0.07027900200000001
0.18830999999999998
-0.06567099700000001
-0.15380999
-0.064976998
-0.037145
-0.038447
-0.09808599900000001
0.0
0.0
0.054946002
0.038458999
-0.18893
-0.14918999
-0.16324
-0.21857999
-0.18775
-0.31505001
-0.19667999
-0.26462999
-0.22490001
-0.19022999999999998
-0.20058
-0.26194
-0.17535999
0.0
-0.066565
0.040585
-0.1435
0.027682001
-0.24745999
-0.38695999999999997
0.030014001000000002
0.0080875997
0.038467001
0.018896
-0.07027900200000001
-0.18830999999999998
0.06567099700000001
4 36 1 header "K005"
   longname "kalf_mat"
   coefficient kalf_mat(s_m,nind,time)
   ;
! time=0 data, year is 2080
-0.016612001
0.0
0.0
0.0
0.0
0.0
-0.040277001
0.0
-0.021207998999999998
-0.10367
-0.026508999999999998
-0.0028336999999999998
-0.0077216998
0.0
0.0
-0.011720999999999999
-0.0046285
0.0
-0.072085001
-0.14687999999999998
-0.10887000000000001
-0.00056910998
0.0
-0.13038
-0.0022456001
-0.058189999000000006
-0.014297999999999998
-0.015356999999999999
0.0
0.0
0.0
-0.016894
0.0044545
-0.10117999999999999
-0.031195999999999998
0.0
0.0084907003
-0.13105001
-0.12069
-0.19052
-0.12028
-0.037149001
-0.24448000000000003
-0.048167000999999994
-0.09984300300000001
-0.012990999999999999
-0.048537000999999996
-0.0033243001
-0.040417001
-0.067083001
-0.22420999
-0.015405
-0.059110999000000004
-0.081844002
-0.026019
0.01025
0.0
0.030184001000000002
-0.19666
0.00057406002
-0.020958999
-0.020630000000000003
0.0026078001
-0.024677999
-0.044328999
0.0
0.0
0.0028824999
-0.026352999999999998
-0.15583999
0.0034481001
-0.10837999999999999
0.027674001
0.021942998999999998
0.031814999999999996
0.0046998998
0.013009
-0.017623
-0.1034
-0.01234
-0.029015999
0.051729001
-0.007510899999999999
-0.0049967002
0.012758
0.0059878002
-0.15467999999999998
0.0073956000000000004
0.0046905
-0.0014505000000000002
-0.048097
0.038821001
0.063915998
-0.1117
0.031737
0.027716
-0.011796
-0.027460000000000002
-0.012494
-0.05057
-0.038242001
-0.02822
0.0
-0.012606000000000001
-0.059953
0.016961999
-0.0066546997999999994
-0.049474999000000006
-0.019552700000000003
0.109107
0.08887500300000001
0.18582010000000002
0.107271
0.054772000999999994
0.38815701
0.060506999000000006
0.150067
0.064932004
0.082556903
0.011154700000000002
0.035380699
0.0610952
0.37889001
0.0197304
0.059048999000000005
0.08329450299999999
0.146201
0.09780900199999999
0.044953997999999995
0.08208511
0.16492300000000001
0.10208994
0.0350006
0.10628
0.024184201000000002
0.090604998
0.082571
0.02822
0.0
0.026617501000000002
0.081851497
0.240058
0.034402601
0.157855
3 36 1 header "K006"
   longname "kalf_ff"
   coefficient kalf_ff(s_ff,nind,time)
   ;
! time=0 data, year is 2080
0.0049882
0.0027629
0.0031856999
0.019959999
0.007925399599999999
0.12011
0.0
0.0
0.0
-0.03827
0.014398
0.36441999999999997
0.0
0.0
0.0
0.0
-0.0030928
0.0
0.0
-0.009326900400000001
-0.019679001
0.0
0.0
-0.038012002
0.0
0.0
0.0
0.0
0.0
0.0
0.0015671999
0.0
0.0
0.0
0.0
0.0
-0.042491
-0.028427999
-0.030463999
0.0056707002
-0.056754999
-0.10711
0.0
0.58389997
0.044279002000000005
-0.039151002000000004
-0.0034914998999999998
-0.18547
-0.10637
-0.08626999699999999
-0.26578
-0.070570998
-0.17605001
-0.14806999
-0.04804699900000001
-0.12611
-0.085688002
-0.0023733
0.0076846001
0.30441999
0.32727
-0.04962199900000001
0.047846001
-0.10637
-0.08953700199999999
0.23181
-0.016809
0.13101
0.4621
0.20637999
-0.079189003
0.15163
0.037502798999999996
0.025665101000000003
0.027278300000000002
-0.025630699
0.0488296
-0.013000000000000001
0.0
-0.58389997
-0.044279002000000005
0.077421002
-0.0109065
-0.17895
0.10637
0.08626999699999999
0.26578
0.070570998
0.1791428
0.14806999
0.04804699900000001
0.13543691
0.105367
0.0023733
-0.0076846001
-0.266408
-0.32727
0.04962199900000001
-0.047846001
0.10637
0.08953700199999999
-0.23181
0.0152418
-0.13101
-0.4621
-0.20637999
0.079189003
-0.15163
2 36 1 header "K007"
   longname "kalf_oil"
   coefficient kalf_oil(s_oil,nind,time)
   ;
! time=0 data, year is 2080
0.0
0.043694000999999996
0.0
0.0
0.0
0.0
0.0
0.0
0.0
0.0
0.0
0.0
0.0
0.0
0.0
0.0
0.0
0.0
0.0
0.0
0.0
0.0
0.011205
0.012578
0.0
0.0
0.0
0.0
0.0
0.0
0.0
0.0
0.0
0.0
0.0
0.0
0.0
-0.043694000999999996
0.0
0.0
0.0
0.0
0.0
0.0
0.0
0.0
0.0
0.0
0.0
0.0
0.0
0.0
0.0
0.0
0.0
0.0
0.0
0.0
-0.011205
-0.012578
0.0
0.0
0.0
0.0
0.0
0.0
0.0
0.0
0.0
0.0
0.0
0.0
2 36 1 header "K008"
   longname "kalf_gas"
   coefficient kalf_gas(s_gas,nind,time)
   ;
! time=0 data, year is 2080
0.0
0.0
0.031812001
0.0
0.0
0.0
0.0
0.0
0.0
0.0
0.0
0.0
0.0
0.0
0.0
0.0
0.0
0.0
0.0
0.0
0.0
0.0
0.0
0.30619001
0.1061
0.094897002
0.49362001
0.065127999
0.14564000000000002
0.051042002
0.14557
0.16796
0.0
0.06205
0.094691999
0.49601999
0.0
0.0
-0.031812001
0.0
0.0
0.0
0.0
0.0
0.0
0.0
0.0
0.0
0.0
0.0
0.0
0.0
0.0
0.0
0.0
0.0
0.0
0.0
0.0
-0.30619001
-0.1061
-0.094897002
-0.49362001
-0.065127999
-0.14564000000000002
-0.051042002
-0.14557
-0.16796
0.0
-0.06205
-0.094691999
-0.49601999
4 36 1 header "K009"
   longname "kalf_ma"
   coefficient kalf_ma(s_ma,nind,time)
   ;
! time=0 data, year is 2080
0.10078
0.0
0.0
0.0
0.0
0.0
-0.03067
0.0
-0.11815
0.072342001
0.0
0.0
0.0
0.0
0.0
0.0
0.0
0.0
0.0
-0.008488199699999999
-0.08456599699999999
0.0
-0.012235
0.13605
0.0
-0.040840997999999996
-0.049279999000000005
0.0
-0.1147
-0.004366800200000001
-0.26732999
-0.26844001
0.00031922001
-0.11177999999999999
0.00064679998
0.0
0.0017614999999999998
0.0
0.0
0.43866000000000005
0.0
0.14745
0.026786
0.0
0.066367999
-0.071450002
0.19054000000000001
0.0
0.30763999
0.25538
0.0
0.0
-0.02702
-0.19514
0.041758999
0.02825
0.0037696001
-0.098293997
0.07155200099999999
0.035347998
0.0
-0.25031999
0.55286998
0.058734
0.24888000000000002
0.12017
0.25463
0.50923002
0.24201999999999999
0.175
0.057099000000000004
0.01435
-0.1025415
0.0
0.0
0.0
0.0
-0.29041001
0.0
0.0
0.0
0.0
-0.078528002
0.0
-0.17181
-0.17209999
0.0
0.0
0.0
0.0
0.0
-0.019761801000000002
-0.0091406005
0.0
-0.065649003
-0.05037
0.0
0.21338999
-0.040938001
-0.041538998
0.0
0.0
0.0
-0.19616
-0.15009999
0.0077816001
-0.07094100099999999
-0.01435
0.0
0.0
0.0
-0.43866000000000005
0.0
0.14296
0.0038840000000000003
0.0
0.051782000999999994
-0.0008919999800000001
-0.11201199999999999
0.0
-0.13583
-0.08327999700000001
0.0
0.0
0.02702
0.19514
-0.041758999
0.0
0.089937001
0.098293997
0.0063319998
-0.121028
0.0
0.07777100099999999
-0.46265200000000006
-0.017194999
-0.13417999
-0.1158032
0.0127
-0.044629999000000004
-0.09223922300000001
-0.071001597
0.0131952
0.0
4 36 1 header "K010"
   longname "kalf_mm"
   coefficient kalf_mm(s_mm,nind,time)
   ;
! time=0 data, year is 2080
-0.021263999999999998
-0.43009001
-0.12487000000000001
0.21348999
0.20387
0.0
0.0
0.022632998999999997
-0.064704001
0.0052049997999999995
-0.051185000999999994
0.011385
0.0
0.0
0.0
0.0
0.0
0.0
-0.004887600000000001
0.0
0.0
0.0
0.10013999999999999
-0.13101999
0.0
0.0
0.0
0.0
0.0
0.0
0.12627
0.0
-0.12157000000000001
-0.019012
0.0
0.0
-0.0029136999999999995
0.11947999999999999
0.097112
0.08508399900000001
-0.31174001
-0.073987998
-0.16496
0.0
-0.038954999
-0.051194999000000005
0.010856000000000001
-0.067016996
-0.18263
-0.027943
-0.24889
-0.096914001
-0.014107
-0.14679
0.071919002
0.26853999
-0.029577999999999997
-0.048393
-0.024025001
-0.20156001
-0.0284
0.0
-0.072972998
-0.15961
0.0
0.0
-0.11861
-0.046227001
0.014691999999999998
-0.010362999999999999
0.0
0.0
-0.10139
0.17806999
0.11813
-0.066156998
0.024936
0.1388
-0.076295003
-0.11472
0.08765199800000001
-0.071291998
0.023296
-0.014825
0.19107001
0.038233001
-0.036389001000000004
0.0026123
-0.0020936999999999996
-0.095813997
0.027036
-0.56648999
-0.11648
0.024356
0.14912
0.14407999999999999
0.24285001
0.052786
0.078653
-0.20826
-0.11262
-0.022040999999999998
0.12137
-0.043384001
0.11569000000000002
0.11018
0.17432999999999998
0.075397
0.1255677
0.13254000000000002
-0.090372004
-0.232417
0.08293400000000001
-0.064811997
0.24125500000000002
0.092087001
0.016007001
0.117282
0.017033
0.07045699700000001
-0.008440000000000001
-0.01029
0.28527901
0.094301701
0.016200701
0.242604
-0.094067402
0.29795
0.14605799
0.024037
-0.225235
0.1885
-0.21445
-0.052786
-0.0056799999
0.36787
0.11262
0.022040999999999998
-0.12903
0.089611001
-0.008812
-0.080805004
-0.17432999999999998
-0.075397
4 36 1 header "K011"
   longname "kalf_mn"
   coefficient kalf_mn(s_mn,nind,time)
   ;
! time=0 data, year is 2080
-0.019606000000000002
-0.15800001
-0.16207001
0.032201
-0.087764002
-0.058391001
-0.079823002
-0.22834000000000002
-0.097957
-0.0025626
-0.039099998999999996
0.14515999999999998
-0.13049001
-0.045931999
-0.18908
-0.045832999000000006
-0.082576998
-0.011723
-0.034880998999999996
-0.20675001
0.0
0.0
-0.063015997
-0.018288
0.0
0.0089424001
-0.214
-0.12525999999999998
0.12234
0.0
0.070924997
0.011073000000000001
0.0
0.008512600300000001
0.067475997
-0.013682
0.0
-0.097098
-0.09715800000000001
0.0044729997999999995
-0.0081984997
-0.18524000000000002
-0.20298
-0.016116999
-0.050058
-0.021639001
0.00061828998
-0.033171002000000005
-0.039623
0.0092797996
-0.32293001
-0.068759002
-0.031273998
-0.19428
-0.092384003
0.0
-0.12825999999999999
0.00062166998
0.0
0.0
-0.0072722002
0.0013292999999999998
-0.069757998
-0.09019699699999999
0.040119998
-0.022803999
-0.0037622999
-0.032056997999999996
0.066909999
-0.014903999999999999
-0.094939999
-0.0031367999
0.0
0.0
0.0
-0.032549001
0.0
-0.012887000000000001
0.0049419999
-0.069187
0.0
0.0
0.0
0.0
-0.02908
0.0
0.0
0.0
0.0
0.0
0.0
-0.15104
0.0
-0.37204999
0.0
0.0
-0.096785001
-0.080577001
-0.18534
0.15643001
-0.38848999
0.016426998999999998
0.061189
0.19997001
-0.17226
0.028894
-0.15932000000000002
0.098150998
0.019606000000000002
0.25509799
0.25922799
-0.004125
0.09596250199999999
0.25651801
0.277861
0.31364399
0.14801501
0.0242016
0.038481708999999996
-0.111989
0.199193
0.036652199999999996
0.51200998
0.11459200000000001
0.113851
0.20600300000000002
0.12726501
0.35778999
0.12825999999999999
0.37142834
0.063015997
0.018288
0.10405719999999999
0.070305303
0.46909799999999996
0.059027000999999996
0.22603001
0.0063769999
-0.1283517
-0.17898599999999998
0.10535
-0.022502598999999998
0.186784
-0.08133219900000001
3 36 1 header "K012"
   longname "kalf_ms"
   coefficient kalf_ms(s_ms,nind,time)
   ;
! time=0 data, year is 2080
-0.029330000000000002
0.015860001000000002
0.018507
0.074299999
0.058998
0.046408001
-0.075985998
-0.05715599999999999
0.068981998
0.027747000000000004
-0.0083776005
0.023783000000000002
0.11817000000000001
0.13954
-0.15477
-0.13845
-0.11647
0.019344999999999998
0.016255001
0.014325999999999998
0.11254000000000002
-0.063942
-0.047240999000000006
-0.053837000999999995
0.0042301998
0.059454001
0.070464
0.11363
0.20676
0.077590004
0.067873001
0.01739
0.20913
0.25637999
0.20551999999999998
0.17712
0.014328
-0.074662
-0.073974997
-0.13940001
-0.23221
-0.19081999
0.15798
-0.0032159999999999997
-0.077362001
-0.0038705
0.013498
0.037416000000000005
-0.088898003
-0.27096999
0.028729999
0.0052426001000000005
0.097861998
-0.10088
0.010631
0.060430001
-0.032713
0.2421
0.075000003
0.067772999
0.084762
-0.0016656
-0.10138
-0.080261998
-0.090493999
-0.035684999
0.019400001
-0.038495998999999996
0.15613
-0.072871998
-0.1778
0.041972
0.015002000000000001
0.058802001
0.055467999999999996
0.065099999
0.17321201
0.14441199999999998
-0.081993997
0.060371999
0.008379999499999999
-0.023876499
-0.0051203999
-0.061198998
-0.029271999
0.13143
0.12604
0.13320739999999998
0.018608
0.081534997
-0.026885999
-0.07475599599999999
-0.079827003
-0.17815799999999998
-0.027759001000000002
-0.013936000000000002
-0.08899220099999999
-0.057788402
0.030916000000000003
-0.033367999
-0.11626600000000001
-0.041905001000000004
-0.08727300199999999
0.021105999
-0.36526
-0.18350799
-0.027720001
-0.219092
4 36 1 header "K013"
   longname "kalf_eq"
   coefficient kalf_eq(s_eq,nind,time)
   ;
! time=0 data, year is 2080
0.25426999
0.37512001
0.48568001
0.64139003
0.13559000000000002
0.030971
0.13525
0.0
0.13518
-1.3158e-05
-0.83995003
0.14826
0.26034001
-0.0084301997
-0.051148999
-0.031129001
0.0015986999
0.0099684997
0.031679999
0.0
0.0
-0.11936
0.23376
-0.32210001
0.21943000000000001
-0.0065048002
0.087894
-0.51454002
-0.062734999
-0.13692001
0.17867
-0.50351
0.25380999
-0.043566
-0.58433998
-0.15456
0.0
0.0
0.0
0.0
0.0
-0.036153
-0.014921
-0.011342
0.034120999
-0.050053
0.83806002
-0.16887
-0.21912999
-0.033282999
0.084622003
0.11805
-0.01926
-0.0041596
-0.15594999
0.0
0.0
0.038353
-0.12412999999999999
0.33899
0.038775001
0.045394
0.042601001
0.54218
0.048927002000000004
0.055969000000000005
0.016934
0.43527001
-0.1604
-0.078515999
0.19111
-0.075292997
-0.0094346004
-0.51778001
-0.39757001
0.029085998999999998
-0.022549
-0.006723600000000001
-0.11094000000000001
0.013211
0.13826001
0.064746998
0.0
0.059014998
0.063968003
0.039857
-0.033473
-0.02046
-0.0082839997
0.01952
0.1237
0.0
0.0
0.019638
0.11299000000000001
-0.016890001
0.021397
0.0078838002
-0.012331
-0.069346003
0.013808
0.066996999
0.38545999
-0.069559999
0.11703
0.10039
0.32227001
-0.048611999
-0.24483541
0.14266001
-0.08811000000000001
-0.67047602
-0.113041
0.0119056
-0.009389
-0.0018690000000000002
-0.30756101
-0.014680842
0.0018899999999999998
-0.038405001
-0.105178
0.0018562000000000001
0.0
-0.06646099700000001
0.025945299999999998
-0.025328901
0.00056999997
0.0
0.0
0.061368998
-0.22261999999999998
0.0
-0.27960199
-0.046773002
-0.118164
0.041706
0.0
0.013954
-0.58106399
0.13779999
-0.21043999
0.021692
0.07096000000000001
0.278465
2 36 1 header "K014"
   longname "kalf_tr"
   coefficient kalf_tr(s_tr,nind,time)
   ;
! time=0 data, year is 2080
0.09608799999999999
0.0
0.78676999
0.91525
0.0
0.15132
0.15455
0.0
0.33432999
0.38409999
0.052129999
0.0029915001000000003
-0.0074541001
0.0
0.18756001
-0.008032100300000001
0.0
-0.12409
0.0
0.0
0.15478
0.0
0.0
0.1552
-0.10242000000000001
-0.017355001000000002
-0.042374998
0.065099999
0.0
0.0
0.033551
0.20773000000000003
0.0
-0.022980001
0.27381
-0.0026938999
-0.09608799999999999
0.0
-0.78676999
-0.91525
0.0
-0.15132
-0.15455
0.0
-0.33432999
-0.38409999
-0.052129999
-0.0029915001000000003
0.0074541001
0.0
-0.18756001
0.008032100300000001
0.0
0.12409
0.0
0.0
-0.15478
0.0
0.0
-0.1552
0.10242000000000001
0.017355001000000002
0.042374998
-0.065099999
0.0
0.0
-0.033551
-0.20773000000000003
0.0
0.022980001
-0.27381
0.0026938999
3 36 1 header "K015"
   longname "kalf_tt"
   coefficient kalf_tt(s_tt,nind,time)
   ;
! time=0 data, year is 2080
0.00046750999
-0.4851
-0.4842
-0.77091002
-0.028082
-0.23191001
-0.39725
0.056561001
-0.18227001
0.35625999999999997
0.10845
0.23461001
-0.012708
0.050811999000000004
0.060400002
-0.030452
0.016663
0.035930000000000004
0.029416
0.27300999
0.12068
0.25314999
-0.20858000000000002
-0.0047336997999999995
-0.092740998
-0.36319
-0.039712999
-0.19163001
0.14704999
0.056205001
-0.56823999
-0.20863
0.40766999
0.16935
-0.14282
0.19295
0.13502999999999998
0.38677999
0.38584
0.0
0.061358999000000004
0.022905000000000002
0.061477002
-0.28546
0.30094001
-0.058288001
-0.020772999
-0.053162999
-0.05613699900000001
-0.058503999999999994
0.0
-0.024428001
-0.021981999
-0.019416001000000002
-0.056171998
-0.035371002
-0.020248
-0.16347
-0.0066673001
-0.048149999000000006
-0.059463999999999996
0.0014309000000000001
0.037540998
0.078428999
0.015116
-0.025903
0.35636999999999996
-0.071608998
-0.023844
-0.06944499900000001
0.11865
0.0
-0.13549751
0.09832
0.09836000199999999
0.77091002
-0.033277001
0.20900500000000002
0.33577299
0.228899
-0.11867
-0.29797199
-0.08767700199999999
-0.181447
0.06884499599999999
0.0076919999
-0.060400002
0.054880001
0.0053190002
-0.016513999999999997
0.026756
-0.237639
-0.10043200000000001
-0.089680001
0.2152473
0.0528837
0.15220501
0.3617591
0.002172
0.113201
-0.162166
-0.030301999
0.21186999999999998
0.28023899
-0.38382599
-0.09990499900000001
0.02417
-0.19295
3 36 1 header "K016"
   longname "kalf_sv"
   coefficient kalf_sv(s_sv,nind,time)
   ;
! time=0 data, year is 2080
-0.15700001
-0.0097115003
-0.035673998
-0.046817999000000006
-0.11623
0.11900999999999999
0.06866899900000001
0.22318000000000002
0.11345999999999999
0.045635
0.17380001
-0.065961003
0.12609001
0.024256
0.023742
0.037709001
-0.095637001
-0.037535999
0.094284996
0.18695
0.10632
0.00023388
-0.030497000000000003
0.23508
-0.12676001
-0.0072536999
-0.064484
-0.08724600099999999
0.024534999999999998
-0.041692997999999995
-0.35021001
-0.054598997999999996
-0.20511999999999997
0.0031024001
0.0014730000000000001
-0.10066
0.24143
0.033266000000000004
0.053229
0.085054003
0.11909000000000002
-0.0042951000000000005
0.11447
-0.12328
0.017015001000000002
-0.090875
-0.09189
-0.0041693999
-0.07832399799999999
-0.029126999999999997
0.27011001
0.081477001
-0.11784000000000001
-0.073073
-0.0038964001
-0.07941000200000001
-0.06757000099999999
-0.08398299699999999
-0.052457999000000005
-0.12182
0.015415
0.050641000000000005
0.044815999
0.11665999999999999
-0.08136499700000001
0.05924600000000001
0.32258001
0.11435999999999999
0.11878
0.081744999
-0.031353999
0.40428001
-0.08443000199999999
-0.0235545
-0.017555
-0.038236
-0.0028599999
-0.1147149
-0.183139
-0.0999
-0.130475
0.045239999999999995
-0.081909999
0.0701304
-0.047766
0.0048710001
-0.293852
-0.11918599999999999
0.213477
0.11060899999999999
-0.090388604
-0.10754000000000001
-0.03875
0.083749123
0.082955003
-0.11325999999999999
0.111345
-0.043387300999999996
0.019668
-0.029414
0.05683
-0.017553
0.027629999
-0.059760999
0.08634000300000001
-0.084847398
0.029881001
-0.30362001
3 36 1 header "K017"
   longname "kalf_bl"
   coefficient kalf_bl(s_bl,nind,time)
   ;
! time=0 data, year is 2080
0.058729999000000005
0.0
0.0
0.0
0.0049107
-0.09925700000000001
-0.10868
0.0
0.0
0.016039999
0.0091885002
0.024966
0.015355
0.0099336999
0.0085092997
0.0
0.031566001
0.0
0.013549
0.018076999
0.014897
0.0072095999
0.017883001000000003
0.026092
0.0
0.0
0.0
-0.0049907998
0.0
0.0
0.0
0.0
0.1832
0.019864
0.049213
0.070150003
-0.068515003
0.59437001
0.61221999
0.014175
0.064194001
0.25986001
0.19851001
0.13372
-0.039159998
-0.13
0.10685
-0.14711
-0.039466998999999996
0.14157
0.17051999
0.13691001
0.012827000000000002
0.08411300199999999
0.096249998
-0.084209003
0.09266199900000001
0.08908999699999999
-0.067590997
0.084178999
-0.056331001
-0.060929
-0.17836
0.20026
0.012675
0.066133
-0.54865998
0.07576200400000001
-0.55216998
-0.36880001
-0.14875001
-0.15617999
0.0097850002
-0.59437001
-0.61221999
-0.014175
-0.06910470099999999
-0.160603
-0.089830004
-0.13372
0.039159998
0.11395999999999999
-0.1160385
0.122144
0.024111999
-0.1515037
-0.1790293
-0.13691001
-0.044392999
-0.08411300199999999
-0.10979900000000001
0.066132002
-0.10755899999999999
-0.096299604
0.049708000999999995
-0.11027100000000001
0.056331001
0.060929
0.17836
-0.1952692
-0.012675
-0.066133
0.54865998
-0.07576200400000001
0.36897001
0.34893599
0.099537
0.08602999900000001
3 36 1 header "K018"
   longname "kalf_ob"
   coefficient kalf_ob(s_ob,nind,time)
   ;
! time=0 data, year is 2080
-0.18674000000000002
-0.13462000000000002
-0.13433
-0.039445002
-0.034667
-0.42938000000000004
-0.31001999999999996
-0.31659999
-0.043706
-0.1154
-0.041446999
-0.14396
-0.41751999
-0.30744001
-0.54815
0.23231999999999997
0.072724998
-0.45998999
-0.35593
-0.29629999
-0.38813001
-0.49707001
-0.17665
-0.19685999999999998
-0.18437999
-0.12943999
-0.13181999
-0.057863999000000006
0.22363999
-0.075831003
-0.21322
-0.3761
0.030406
-0.19122999999999998
-0.16342001
-0.13789
0.03022
0.10027
0.09993299800000001
0.024576999
0.12100999999999999
0.24788000000000002
0.16509999
0.077935003
-0.012603
0.47139001
0.072454996
0.18866999
0.32808000000000004
0.33891001
0.65298998
0.42195001
0.080164999
0.39212999
0.18583
0.39416999
0.42418
0.30881
0.39182001
0.48727
0.14311001
0.13299
0.13809000000000002
0.09449400000000001
-0.15885
0.064314
-0.010201
0.15250999999999998
0.058867998
0.041754
0.048695002
0.38218999
0.15651999
0.03435
0.034396999
0.014868000000000001
-0.086342998
0.1815
0.14492001
0.23866500000000002
0.056309000000000005
-0.35598999
-0.031007999999999997
-0.044709999
0.089440003
-0.031470001000000004
-0.10484
-0.65426999
-0.15289
0.06786
0.1701
-0.09787
-0.036049999
0.18825999999999998
-0.21516999999999997
-0.29041001
0.041269999
-0.00355
-0.0062699997999999995
-0.036630001
-0.064790003
0.011517
0.22342101
0.22359
-0.089273997
0.14947601
0.114725
-0.24429999
4 36 1 header "K019"
   longname "kalf_os"
   coefficient kalf_os(s_os,nind,time)
   ;
! time=0 data, year is 2080
0.2694
0.0076719001
0.0
0.0
0.0089718001
0.030524001000000002
0.095375001
0.0
0.0
0.0
0.0
0.0
0.0
0.0
0.0
0.0
0.010773999999999999
0.0082173999
0.0
0.0
0.0
0.0
0.042853002
0.013996000000000001
0.046337000999999996
0.19921
0.0
0.0
0.0098112002
0.0
0.0
0.0
-0.16035999
0.0
-0.047462001
-0.019011
0.0
0.0
0.0
0.0
0.0
0.0
0.0
0.0
0.0
0.0
0.0
0.0
0.0
0.0
0.0
0.0
0.0
0.0
0.0
0.0
0.0
0.0
0.0
0.0
0.0
0.0
0.0
0.0
0.0
0.0
0.0
0.0
0.059693000999999996
0.10490999999999999
0.0
0.11598
-0.29124999
-0.0076719001
0.0
0.059105001
-0.0053237001
0.015309999999999999
-0.23066001
-0.063413002
-0.011907
-0.10453
-0.0041646999
-0.084707998
0.0068961
-0.069039002
-0.042348000999999996
-0.067704998
-0.00014198
-0.032894
-0.067506
-0.1044
-0.014171000000000001
0.0
0.0017164
-0.020469001
-0.22296999
-0.14229999
-0.2405
0.032652999999999995
-0.039756997999999995
0.1841
0.14088
0.24521001
-0.07959099900000001
-0.19160999
0.030525998999999998
-0.16362999
0.021849999
0.0
0.0
-0.059105001
-0.0036481
-0.045834001
0.135285
0.063413002
0.011907
0.10453
0.0041646999
0.084707998
-0.0068961
0.069039002
0.042348000999999996
0.067704998
-0.01063202
0.0246766
0.067506
0.1044
0.014171000000000001
0.0
-0.044569399
0.0064730002000000005
0.17663299999999998
-0.056910000999999995
0.2405
-0.032652999999999995
0.029945799999999998
-0.1841
-0.14088
-0.24521001
0.18025801
0.0867
0.016936
0.066661
2 1 col_order header "K020"
   longname "kali_fixed"
   coefficient kali_fixed(s_fixed,time)
   ;
! time=0 data, year is 2080
-0.11532
0.11532
3 1 col_order header "K021"
   longname "kali_long"
   coefficient kali_long(s_long,time)
   ;
! time=0 data, year is 2080
0.034910001
-0.06605499999999999
0.031145001000000002
2 1 col_order header "K022"
   longname "kali_short"
   coefficient kali_short(s_short,time)
   ;
! time=0 data, year is 2080
0.067691997
-0.067691997
3 1 col_order header "K023"
   longname "kali_eit"
   coefficient kali_eit(s_eit,time)
   ;
! time=0 data, year is 2080
-0.16614
0.13087000000000001
0.035270002
3 1 col_order header "K024"
   longname "kali_ttsvc"
   coefficient kali_ttsvc(s_ttsvc,time)
   ;
! time=0 data, year is 2080
0.035827242
-0.12729186
0.09146478
3 1 col_order header "K025"
   longname "kali_mach"
   coefficient kali_mach(s_mach,time)
   ;
! time=0 data, year is 2080
0.019625001
0.00041350998999999995
-0.020037999
3 1 col_order header "K026"
   longname "kali_it"
   coefficient kali_it(s_it,time)
   ;
! time=0 data, year is 2080
-0.19806419
-0.26421875
0.46228254
2 1 col_order header "K027"
   longname "kali_trnsp"
   coefficient kali_trnsp(s_trnsp,time)
   ;
! time=0 data, year is 2080
-0.013269999999999999
0.013269999999999999
2 1 col_order header "K028"
   longname "kali_trd"
   coefficient kali_trd(s_trd,time)
   ;
! time=0 data, year is 2080
0.015465999999999999
-0.015465999999999999
2 1 col_order header "K029"
   longname "kali_serv"
   coefficient kali_serv(s_serv,time)
   ;
! time=0 data, year is 2080
0.21674000000000002
-0.21674000000000002
2 1 col_order header "K030"
   longname "kali_frawm"
   coefficient kali_frawm(s_frawm,time)
   ;
! time=0 data, year is 2080
-0.090584002
0.090584002
3 1 col_order header "K031"
   longname "kali_mserv"
   coefficient kali_mserv(s_mserv,time)
   ;
! time=0 data, year is 2080
-0.016830999
0.016830999
0.0
2 1 col_order header "K032"
   longname "kali_mrawm"
   coefficient kali_mrawm(s_mrawm,time)
   ;
! time=0 data, year is 2080
0.13527999999999998
-0.13527999999999998
3 1 col_order header "K033"
   longname "kali_furn"
   coefficient kali_furn(s_furn,time)
   ;
! time=0 data, year is 2080
0.11757999999999999
-0.08884400099999999
-0.028736001
3 1 col_order header "K034"
   longname "kali_rawm"
   coefficient kali_rawm(s_rawm,time)
   ;
! time=0 data, year is 2080
-0.17620999999999998
0.18911999
-0.012912
4 1 col_order header "K035"
   longname "kalh_f"
   coefficient kalh_f(s_f,time)
   ;
! time=0 data, year is 2080
0.0
0.0
0.0
0.0
4 1 col_order header "K036"
   longname "kalh_nd"
   coefficient kalh_nd(s_nd,time)
   ;
! time=0 data, year is 2080
-0.17144001
0.15350999999999998
0.0085971998
0.0093342001
2 1 col_order header "K037"
   longname "kalh_ks"
   coefficient kalh_ks(s_ks,time)
   ;
! time=0 data, year is 2080
-0.070844002
0.070844002
4 1 col_order header "K038"
   longname "kalh_cs"
   coefficient kalh_cs(s_cs,time)
   ;
! time=0 data, year is 2080
0.09213600300000001
0.0089697996
-0.078014001
-0.023091999999999998
2 1 col_order header "K039"
   longname "kalh_en"
   coefficient kalh_en(s_en,time)
   ;
! time=0 data, year is 2080
0.21235999
-0.21235999
4 1 col_order header "K040"
   longname "kalh_cg"
   coefficient kalh_cg(s_cg,time)
   ;
! time=0 data, year is 2080
-0.17852999
0.13000999
-0.012331
0.060849997999999995
2 1 col_order header "K041"
   longname "kalh_md"
   coefficient kalh_md(s_md,time)
   ;
! time=0 data, year is 2080
0.023714
-0.023714
3 1 col_order header "K042"
   longname "kalh_fb"
   coefficient kalh_fb(s_fb,time)
   ;
! time=0 data, year is 2080
0.20218
-0.13335999999999998
-0.068824001
4 1 col_order header "K043"
   longname "kalh_ho"
   coefficient kalh_ho(s_ho,time)
   ;
! time=0 data, year is 2080
0.048227001
0.020687999
-0.14718001
0.078263998
3 1 col_order header "K044"
   longname "kalh_rc"
   coefficient kalh_rc(s_rc,time)
   ;
! time=0 data, year is 2080
-0.19115999
0.14365
0.047508999999999996
2 1 col_order header "K045"
   longname "kalh_hpg"
   coefficient kalh_hpg(s_hpg,time)
   ;
! time=0 data, year is 2080
-0.07858800099999999
0.07858800099999999
2 1 col_order header "K046"
   longname "kalh_edn"
   coefficient kalh_edn(s_edn,time)
   ;
! time=0 data, year is 2080
0.078956001
-0.078956001
3 1 col_order header "K047"
   longname "kalh_ups"
   coefficient kalh_ups(s_ups,time)
   ;
! time=0 data, year is 2080
0.028137
0.055431999
-0.08356899799999999
4 1 col_order header "K048"
   longname "kalh_trc"
   coefficient kalh_trc(s_trc,time)
   ;
! time=0 data, year is 2080
-0.00018482
-0.008578299499999999
-0.0014241
0.010187
3 1 col_order header "K049"
   longname "kalh_rcs"
   coefficient kalh_rcs(s_rcs,time)
   ;
! time=0 data, year is 2080
-0.25126001
0.027775001
0.22349000000000002
2 1 col_order header "K050"
   longname "kalh_trv"
   coefficient kalh_trv(s_trv,time)
   ;
! time=0 data, year is 2080
0.20340999999999998
-0.20340999999999998
2 1 col_order header "K051"
   longname "kalh_ens"
   coefficient kalh_ens(s_ens,time)
   ;
! time=0 data, year is 2080
0.21736999999999998
-0.21736999999999998
3 1 col_order header "K052"
   longname "kalh_hps"
   coefficient kalh_hps(s_hps,time)
   ;
! time=0 data, year is 2080
-0.14839999
0.26905999
-0.12065999999999999
2 1 col_order header "K053"
   longname "kalh_cmm"
   coefficient kalh_cmm(s_cmm,time)
   ;
! time=0 data, year is 2080
-0.034651997999999996
0.034651997999999996
36 1 col_order header "K054"
   longname "kalm_imp"
   coefficient kalm_imp(ncom,time)
   ;
! time=0 data, year is 2080
0.036908999
0.37099001
0.12095999999999998
0.023061
-0.09592500300000001
0.012161
0.0060745999
-0.0014674000000000002
0.0
0.032407999
0.12465999999999999
0.14619000000000001
0.11924000000000001
0.20905
0.51582998
0.41170999
0.19976
0.09614399800000001
0.20225
0.026055001
0.81027001
0.030204
0.050353002
0.20059000000000002
0.0
0.0
0.023987999
0.018739
0.038162998999999996
0.022109
-0.00034797
0.018088999999999997
0.0
-0.0057124002
-0.00024804001
-0.014191
36 1 col_order header "K055"
   longname "kalx_exp"
   coefficient kalx_exp(ncom,time)
   ;
! time=0 data, year is 2080
0.024126001
0.015334
0.051991000999999995
-0.19701999
0.014116
0.0066757002
0.00094300002
0.0008365599799999999
0.0068601002
0.053146999
0.030750001000000002
0.061620999
0.069406003
0.23119
-0.30625001
0.13971999
0.073504999
0.14612999999999998
0.22387999
-0.0045309002
0.20747
0.023352001
-0.088749997
0.21209
-0.0058213002
0.0074038999
0.065154001
-0.0030358001
0.051727999000000004
0.016412998999999998
0.048882
0.038864002
0.0031638001
0.012429
0.010674
-0.0063013997999999995
