1 header "K001"
   longname "kal_version"
   coefficient kal_version
   ;
205.0
36 header "K002"
   longname "kal_p"
   coefficient kal_p(nind)
   ;
0.26001039
-0.58490402
-0.7879885999999999
0.55689698
0.041462999
-0.053230200000000005
-0.1707911
-0.18733899
-0.1479896
-0.035162199
0.040224197999999996
0.009788799999999999
0.071487099
0.030677999999999997
2.0860578999999997
0.10010039999999999
0.054187
0.0018333
0.20625170000000004
-0.0068585998
0.19722363
-0.0030946
0.21669631
-0.017617861000000002
0.4020164
0.25071329
0.138033
0.057045698
0.62748557
0.031412121
0.1345
-0.09321095800000001
-0.035119999
-0.1255997
-0.049703602
0.0084872004
4 36 header "K003"
   longname "kal_f_o"
   coefficient kal_f_o(s_o,nind)
   ;
0.008570199799999999
0.13833
0.036952998
0.027264998999999998
-0.0023645
0.0049104001
0.007891500400000001
0.0039368002
-0.0020116
0.0046525998
0.021430001
0.0072889999
-0.00012623001
0.0034669
0.037946001
0.0072363
0.019824
0.010015999999999999
0.0071458998
0.013738
0.0019809001
-0.008931200000000002
0.037264999
0.008642299999999999
-0.0024906999999999998
-0.016162001000000002
0.00041176
-0.0033177
0.018978000000000002
0.00036422
0.067884997
0.0011880999999999999
-0.0072109001
0.01225
0.0010579
0.011758
-0.0041093002
-0.0023696999999999998
-0.0006835000200000001
-0.0035546001000000002
0.0077403001
-0.00014169
0.00048479999999999997
0.0098384004
0.0030069000000000003
-0.00052265998
0.0010677
0.00059200998
0.0058447002000000005
0.0010968
0.0045658001
0.0018467
0.0011454
0.0078943996
0.0095191002
0.0032013999
0.0046562999
-0.022944
0.0080110002
0.0014740999999999999
0.00011585
0.013729
0.010306999999999998
0.00052082998
-0.022957001
0.0067035002
-0.0055045998
0.0007183399900000001
0.011759
-0.0080102002
0.004545899999999999
-0.0037436001
-0.0037516999999999997
0.10067000000000001
0.028379999
0.0041304999
-0.0030753
0.021734998999999998
0.023286
0.0036247
-0.0019832
-0.0015294
-0.0083975997
-0.0012158999
0.0013749
-0.00032204
0.0051766001
0.00091367
-0.0034984001
-0.0010802
-0.0068298001
0.0013538998999999999
-0.0042089
0.0093139997
0.068235002
-0.0025460001
0.00038221998999999994
-0.0014355000000000001
0.0007985699900000001
0.0022034998999999997
-0.0051595001000000005
0.00015022
-0.0095242998
0.00051320001
0.0011662
-0.0024132
0.0016667000000000001
-0.0034932999
-0.0007091999900000001
-0.23662999
-0.064649001
-0.027841
-0.0023004999
-0.026504001
-0.031661998
-0.0174
0.00098789996
-0.0026004999
-0.0141
-0.0066650999
-0.0070934002
-0.0042416998
-0.047688
-0.0099967001
-0.017471001
-0.016829999
-0.0098352004
-0.018293001
-0.0024283
0.022561001
-0.11350999999999999
-0.0075703999
0.0019925999999999998
0.0038685000000000004
-0.011517
0.00059337
0.0091385003
-0.0072178999
-0.052855998
-0.0024195999999999996
-0.0057143001
-0.0018266001
-0.0072705001000000005
-0.0045210999
2 36 header "K004"
   longname "kal_f_e"
   coefficient kal_f_e(s_e,nind)
   ;
-2.9999999e-08
-4.0999999999999997e-08
-3.3999998999999996e-08
-6.3000002e-08
-3.2999998999999994e-08
0.0
0.0
2.8000001e-08
5.6000001e-08
-2.4e-08
-1.1000000000000001e-08
-2.2999999999999998e-08
-3.2999998999999994e-08
-7.3000002e-08
-1.7e-08
-3.0999998999999996e-08
-2.8000001e-08
-1.1000000000000001e-08
-2.1e-08
-2.4e-08
-1.7e-08
-3.1999999e-08
0.0
-9.9999999e-09
1.7e-08
-3.0999998999999996e-08
1.1000000000000001e-08
-2.4e-08
-4.5e-08
4.7000000000000004e-08
5.4000001e-08
3.0999998999999996e-08
4.0999999999999997e-08
-3.1999999e-08
-3.0999998999999996e-08
5.0000000999999995e-08
2.9999999e-08
4.0999999999999997e-08
3.3999998999999996e-08
6.3000002e-08
3.2999998999999994e-08
0.0
0.0
-2.8000001e-08
-5.6000001e-08
2.4e-08
1.1000000000000001e-08
2.2999999999999998e-08
3.2999998999999994e-08
7.3000002e-08
1.7e-08
3.0999998999999996e-08
2.8000001e-08
1.1000000000000001e-08
2.1e-08
2.4e-08
1.7e-08
3.1999999e-08
0.0
9.9999999e-09
-1.7e-08
3.0999998999999996e-08
-1.1000000000000001e-08
2.4e-08
4.5e-08
-4.7000000000000004e-08
-5.4000001e-08
-3.0999998999999996e-08
-4.0999999999999997e-08
3.1999999e-08
3.0999998999999996e-08
-5.0000000999999995e-08
4 36 header "K005"
   longname "kal_f_m"
   coefficient kal_f_m(s_m,nind)
   ;
0.00059970003
0.0
0.0
0.0
0.0
0.0
-7.1059999e-06
0.0
0.00013697
0.0
-0.00029180998999999997
7.5181e-05
0.00051014998
0.0
0.0
9.6408003e-05
-0.00010155
0.0
-0.0015220999
-6.7020999e-05
1.1800000000000001e-07
-0.00040434001000000006
0.0
0.00063920999
1.3662e-05
-0.00078300998
7.2037001e-05
-0.00040242
0.0
0.0
0.0
1.6980001e-05
0.0007224099799999999
-0.0018121998999999999
-0.0033305999999999995
0.0
0.00015049
3.0199999e-07
1.87e-07
5.3299999e-07
1.2099999999999998e-07
4.3e-07
-0.00019269
-3.8510002e-06
-5.8775e-05
0.0
0.0003598
-2.6509998999999998e-06
0.00091469998
5.200000099999999e-08
-6.599999799999999e-08
-0.0009754499800000001
-8.224199699999999e-05
2.6500001e-07
0.00038206001000000005
-6.0438e-05
0.0
0.0003102
1.57e-07
0.00058019999
-0.00018505999
0.00072239997
-1.0525e-05
0.00023727999
1.29e-07
0.0
0.0
0.00067116
5.4126001e-05
0.0017108
-0.0028198001
2.19e-07
-0.0012105
-2.404e-06
4.0999999999999997e-08
-8.9999999e-09
-3e-09
5.1299997e-07
-0.00016205
-9.5600001e-07
3.0462999e-05
0.0
-0.0013032999999999999
-0.00044209001
0.00070136
-7.7000003e-08
6.3999998e-08
-6.6219996e-05
-3.4509001e-05
-3.7999999999999996e-08
0.0005966
-1.3244e-05
-4.0999999999999997e-08
-1.9634999e-05
-4.9000001e-08
-0.0021242001
0.00010864
-0.00012883999
2.8167e-05
-0.0008457900300000001
4.5999999999999995e-08
3.4999999e-08
0.0
4.1017e-05
-0.0010694
-0.0020768
-0.0008868399900000001
9.800000099999998e-08
0.00046031
2.1020001000000003e-06
-2.2899998999999996e-07
-5.229999799999999e-07
-1.1800000000000001e-07
-9.429999699999999e-07
0.000361846
4.8070001e-06
-0.00010865799999999999
0.0
0.00123531
0.00036956
-0.0021262099
2.5e-08
1.9999999e-09
0.0009452620300000001
0.00021830099
-2.2699999999999998e-07
0.00054343999
0.00014070301
-7.7999999e-08
0.000113775
-1.08e-07
0.0009047900099999999
6.275800100000001e-05
0.00018945
-8.9679001e-05
0.00101093
-1.75e-07
-3.4999999e-08
0.0
-0.00072915701
0.00029286399
0.0021782001
0.0070372401
-3.1799999e-07
3 36 header "K006"
   longname "kal_f_ff"
   coefficient kal_f_ff(s_ff,nind)
   ;
-6.599999799999999e-08
6.3130000999999995e-06
0.00011964
4.5999999999999995e-08
-2.8000001e-08
0.0
0.0
0.0
0.0
1.05e-07
-4.3e-08
1.7600000000000001e-07
0.0
0.0
0.0
0.0
9.299999699999999e-08
0.0
0.0
-5.9999998e-08
1.0300000000000001e-07
0.0
0.0
2.6999998999999997e-07
0.0
0.0
0.0
0.0
0.0
0.0
-1.8e-08
0.0
0.0
0.0
0.0
0.0
1.7399998999999999e-07
2.6713000000000003e-05
0.0011264
-8.300000299999999e-08
2.9899999e-07
9.899999800000002e-08
0.0
-3.3999998999999996e-08
-3.9e-08
2.1300001000000002e-07
4.7000000000000004e-08
5.8000000999999994e-08
1.3e-08
2.2999999999999998e-08
7.3000002e-08
3.7999999999999996e-08
1.2700001e-07
1.2e-08
6.599999799999999e-08
1.32e-07
-8.9999999e-09
3.2999998999999994e-08
-2.2999999999999998e-08
-3.1999999e-08
-1.8e-08
6.199999799999999e-08
-9.9999999e-09
3.5999999e-08
8.500000300000002e-08
-3.1999999e-08
-2.4e-08
2.6e-08
-2.9999999e-08
-1.4e-08
5.500000099999999e-08
-1.2e-08
-1.08e-07
-3.3025e-05
-0.00124604
3.7e-08
-2.7100000000000003e-07
-9.899999800000002e-08
0.0
3.3999998999999996e-08
3.9e-08
-3.1799999e-07
-3.9999999e-09
-2.3399999999999998e-07
-1.3e-08
-2.2999999999999998e-08
-7.3000002e-08
-3.7999999999999996e-08
-2.2e-07
-1.2e-08
-6.599999799999999e-08
-7.1999999e-08
-9.499999699999998e-08
-3.2999998999999994e-08
2.2999999999999998e-08
-2.3800000000000001e-07
1.8e-08
-6.199999799999999e-08
9.9999999e-09
-3.5999999e-08
-8.500000300000002e-08
3.1999999e-08
4.3e-08
-2.6e-08
2.9999999e-08
1.4e-08
-5.500000099999999e-08
1.2e-08
2 36 header "K007"
   longname "kal_f_oil"
   coefficient kal_f_oil(s_oil,nind)
   ;
0.0
-4.8e-08
0.0
0.0
0.0
0.0
0.0
0.0
0.0
0.0
0.0
0.0
0.0
0.0
0.0
0.0
0.0
0.0
0.0
0.0
0.0
0.0
-6.199999799999999e-08
-2.1e-08
0.0
0.0
0.0
0.0
0.0
0.0
0.0
0.0
0.0
0.0
0.0
0.0
0.0
4.8e-08
0.0
0.0
0.0
0.0
0.0
0.0
0.0
0.0
0.0
0.0
0.0
0.0
0.0
0.0
0.0
0.0
0.0
0.0
0.0
0.0
6.199999799999999e-08
2.1e-08
0.0
0.0
0.0
0.0
0.0
0.0
0.0
0.0
0.0
0.0
0.0
0.0
2 36 header "K008"
   longname "kal_f_gas"
   coefficient kal_f_gas(s_gas,nind)
   ;
0.0
0.0
-1.4999998999999998e-08
0.0
0.0
0.0
0.0
0.0
0.0
0.0
0.0
0.0
0.0
0.0
0.0
0.0
0.0
0.0
0.0
0.0
0.0
0.0
0.0
-3.7e-08
-2.7e-08
-2.5e-08
8.199999999999999e-08
-2.2000000000000002e-08
-1.6e-08
-1.8999999999999998e-08
-1.4999998999999998e-08
-2.4e-08
0.0
-3.2999998999999994e-08
-2.2000000000000002e-08
1.9999999e-09
0.0
0.0
1.4999998999999998e-08
0.0
0.0
0.0
0.0
0.0
0.0
0.0
0.0
0.0
0.0
0.0
0.0
0.0
0.0
0.0
0.0
0.0
0.0
0.0
0.0
3.7e-08
2.7e-08
2.5e-08
-8.199999999999999e-08
2.2000000000000002e-08
1.6e-08
1.8999999999999998e-08
1.4999998999999998e-08
2.4e-08
0.0
3.2999998999999994e-08
2.2000000000000002e-08
-1.9999999e-09
4 36 header "K009"
   longname "kal_f_ma"
   coefficient kal_f_ma(s_ma,nind)
   ;
-2.8080001e-06
0.0
0.0
0.0
0.0
0.0
0.0024333000000000002
0.0
1.2e-08
6.8417998e-05
0.0
0.0
0.0
0.0
0.0
0.0
0.0
0.0
0.0
-5.200000099999999e-08
2.9630000000000003e-06
0.0
-4.8900001e-05
-0.00023314
0.0
0.00011417
-3.0347001e-05
0.0
-1.3800000000000002e-07
-3.5999999e-08
6.2300001e-07
0.0039749001
0.00031638
0.0035039998999999997
0.00011709
0.0
2.9700001e-07
0.0
0.0
-2e-08
0.0
3.9e-08
-0.0023934001
0.0
1.2e-07
-2.9460000000000003e-06
0.013182
0.0
-1.902e-06
-1.69e-07
0.0
0.0
6.5000002e-08
6.3999998e-08
-6.5000002e-08
-9.9999999e-09
2.6170001e-06
2.7e-08
-0.001645
0.00027431
0.0
-0.0036438999
-0.00176
-1.99e-07
-6.1000001e-08
-7.7000003e-08
-8.8399997e-07
-0.0090070004
0.00031847
0.0018231999999999999
7.1700001e-06
-4.9000001e-08
2.5109999999999998e-06
0.0
0.0
0.0
0.0
8.1000003e-08
0.0
0.0
0.0
0.0
-0.00059930998
0.0
-8.0000001e-07
1.98e-07
0.0
0.0
0.0
0.0
0.0
6.199999799999999e-08
-1.3369999999999999e-06
0.0
2.391e-06
-0.00015794999
0.0
0.0021355001000000003
-0.00063706998
1.26e-07
0.0
0.0
0.0
0.0065465998
-0.00015802
-0.0035027999
0.00019555
4.9000001e-08
0.0
0.0
0.0
2e-08
0.0
-1.1900000000000001e-07
-3.9899998e-05
0.0
-1.3099999e-07
-6.547199899999999e-05
-0.01258269
0.0
2.7030000999999997e-06
-2.9000001000000002e-08
0.0
0.0
-6.5000002e-08
-6.3999998e-08
6.5000002e-08
0.0
-4.2430001e-06
-2.7e-08
0.001691509
0.00011678
0.0
0.0013942301
0.0024274171
7.3000002e-08
1.99e-07
1.13e-07
2.61e-07
-0.0015145
-0.00047683
-0.0018244
-0.00031981
0.0
4 36 header "K010"
   longname "kal_f_mm"
   coefficient kal_f_mm(s_mm,nind)
   ;
0.0006398599900000001
-0.021087
0.0013200999999999998
0.019971
0.00044241999000000005
0.0
0.0
4.5999999999999995e-08
-2.3904e-05
0.0
0.00013843999
-2.234e-06
0.0
0.0
0.0
0.0
0.0
0.0
-6.3243002e-05
0.0
0.0
0.0
-6.6729001e-05
0.00045528001
0.0
0.0
0.0
0.0
0.0
0.0
0.00046196999
0.0
0.0016846
3.0505e-05
0.0
0.0
0.00012189
0.011643
-0.0071164997999999995
0.0097810002
0.0026972
6.9379998000000004e-06
4.5999999999999995e-08
0.0
2.8390001000000004e-05
0.0
-0.00021108
1.7410999e-05
1.1000000000000001e-08
0.0011967
1.9300001e-07
1.0199999999999999e-07
1.41e-07
2.1e-07
-6.1311002e-05
-1.5000001e-07
-0.00019151
9e-08
-4.5197001e-05
0.00022483
1.71e-07
0.0
1.1800000000000001e-07
3.39e-07
0.0
0.0
-0.00035039001
1.06e-07
0.00025785001
-4.9129001e-05
0.0
0.0
-0.00063505
0.025175
-0.0055753002
0.0027383998999999997
-0.0007781800200000001
-3.4909998999999998e-06
1.24e-07
1.5199999999999998e-07
1.9455999999999998e-05
0.0
3.8771999e-05
-5.4289999e-06
-3.1999999e-08
-0.00027811
-1.4e-08
-1.4999998999999998e-08
5.0000000999999995e-08
2.5200001e-07
-0.00040336
1.1e-07
-0.00010853
3.3999998999999996e-08
-1.1532e-05
-0.00018179
-2.1e-08
-4e-08
-2.2899998999999996e-07
6.7500002e-07
7.5000003e-08
6.599999799999999e-08
0.00015108001
8.699999699999999e-08
-0.0035393001
4.508e-05
2.1e-08
-5.500000099999999e-08
-0.00012670000000000002
-0.015730999
0.011371700000000002
-0.032490398999999996
-0.0023614401000000003
-3.4479999e-06
-1.71e-07
-1.9700001000000001e-07
-2.3942001e-05
0.0
3.3868e-05
-9.747000099999998e-06
2.1e-08
-0.00091859
-1.7899999999999997e-07
-8.699999699999999e-08
-1.91e-07
-4.6200000000000003e-07
0.00052791397
4e-08
0.00030004
-1.25e-07
0.00012345799999999998
-0.00049831998
-1.5099998999999998e-07
4e-08
1.11e-07
-1.0140000000000002e-06
-7.5000003e-08
-6.599999799999999e-08
-0.00026266
-1.9300001e-07
0.00159685
-2.6456e-05
-2.1e-08
5.500000099999999e-08
4 36 header "K011"
   longname "kal_f_mn"
   coefficient kal_f_mn(s_mn,nind)
   ;
1.8e-08
1.4299999e-07
1.75e-07
-0.0085490998
0.0007284500200000001
-8.5900001e-07
0.0014055
-0.0012507
1.5400001e-07
-0.00045170999
-0.00042873999000000003
-5.4000001e-08
-0.00017578001000000002
1.33e-07
1.04e-07
5.9000000999999996e-08
8.899999699999999e-08
1.5400001e-07
1.53e-07
4.19e-07
0.0
0.0
4.4000000000000004e-08
4.2e-08
0.0
0.00062473002
-0.0011444
0.0030601999999999995
-9.3752002e-05
0.0
0.00089271
0.00048577
0.0
4.7265999e-05
-9.675e-06
1.8679000000000002e-05
0.0
1.56e-07
2.6199999e-07
0.0012415999999999998
-5.5193999000000004e-05
-7.0044996e-05
0.00068477
-0.00025685999
1.44e-07
-0.00017258998999999999
-4.2864001e-05
8.1000003e-08
3.1960001e-06
4e-08
1.92e-07
1.87e-07
4.5999999999999995e-08
1.5000001e-07
8.6e-08
0.0
-1.3e-08
-6.1000001e-08
0.0
0.0
1.98e-07
-0.00020410999
-0.0006763099799999999
-0.0010462001
0.0004468
4.5199999e-07
0.00028069
-0.00010776
-4.9000001e-08
-0.0057152002
-8.4694002e-05
9.9500005e-07
0.0
0.0
0.0
1.1812e-05
0.0
0.00011625
3.8426999e-05
-0.00035896998999999995
0.0
0.0
0.0
0.0
-0.0001494
0.0
0.0
0.0
0.0
0.0
0.0
4.9499999e-07
0.0
5.0000000999999995e-08
0.0
0.0
1.3499999e-07
0.0007914800099999999
-0.0026501999
0.0016131999
-0.00040202
-2.9700001e-07
0.00014365
-0.0017135000000000002
2.4799999e-07
0.00010358
-6.1608996e-05
-5.5176998999999994e-05
-1.8e-08
-2.9899999e-07
-4.3700001e-07
0.0072956881
-0.000673256
-4.5346002e-05
-0.002128697
0.00186653
-2.98e-07
0.00062429998
0.00047160400000000003
-2.7e-08
0.00032198400000000004
-1.72e-07
-2.96e-07
-2.45e-07
-1.3499999e-07
-3.0399999999999997e-07
-2.39e-07
-9.140000000000001e-07
1.3e-08
1.1000000000000001e-08
-4.4000000000000004e-08
-4.2e-08
-3.33e-07
-0.0012120999999999998
0.0044709099
-0.0036271999
4.8972001e-05
-1.55e-07
-0.00131705
0.00133549
-1.99e-07
0.0055643539
0.00015597801000000002
3.5502999e-05
3 36 header "K012"
   longname "kal_f_ms"
   coefficient kal_f_ms(s_ms,nind)
   ;
1.034e-06
2.3999999e-07
8.4e-08
-1.2099999999999998e-07
9.299999699999999e-08
4.8e-08
0.0012369999999999998
1.67e-07
-0.00049732003
-0.00029793
1.0199999999999999e-07
-5.9000000999999996e-08
-1.9999999e-09
4.8e-08
-4.4000000000000004e-08
2.2999999999999998e-08
7.900000299999999e-08
-2.2699999999999998e-07
-2.22e-07
-7.049e-06
-9.0999997e-08
-1.839e-06
-0.0011868
0.00062136998
4.9000001e-08
-6.5000002e-08
-1.7399998999999999e-07
-0.00042107
-1.2e-07
0.00017715999
-6.1000001e-08
-1.8e-08
3.965e-05
-1.3499999e-07
-7.5000003e-08
2.2099999e-07
-2.5869999e-06
6.599999799999999e-08
4.5e-08
5.0000000999999995e-08
6.199999799999999e-08
1.3e-08
-0.0036192001
-8.899999699999999e-08
2.6072999e-05
-0.00065489998
-1.2199999999999998e-07
0.0
-6.700000200000001e-08
9.6999997e-08
1.7799999e-07
9.299999699999999e-08
-1.99e-07
9.600000099999999e-08
8.300000299999999e-08
1.933e-06
9.0999997e-08
5.559999699999999e-07
0.0018620000000000002
-0.0006025700099999999
-9e-08
-9.6999997e-08
1.15e-07
4.4217999e-05
5.9000000999999996e-08
2.4455999999999998e-05
3.2999998999999994e-08
1.1699999999999999e-07
7.505000200000001e-06
3.25e-07
2.0900001e-07
-1.92e-07
1.5529998999999998e-06
-3.06e-07
-1.29e-07
7.100000200000001e-08
-1.55e-07
-5.9999998e-08
0.0023822
-7.7999999e-08
0.00047124700999999996
0.0009528300099999998
2e-08
5.9000000999999996e-08
6.9000002e-08
-1.45e-07
-1.34e-07
-1.1599999999999999e-07
1.2e-07
1.3e-07
1.3899999e-07
5.116e-06
0.0
1.283e-06
-0.0006752000200000001
-1.8799999e-05
4.0999999999999997e-08
1.6200001e-07
5.9000000999999996e-08
0.00037685199999999995
6.1000001e-08
-0.00020161599999999998
2.8000001e-08
-1e-07
-4.7155001e-05
-1.8999999e-07
-1.34e-07
-2.9000001000000002e-08
4 36 header "K013"
   longname "kal_f_eq"
   coefficient kal_f_eq(s_eq,nind)
   ;
-4.8e-08
-4.9000001e-08
-6.700000200000001e-08
-9.899999800000002e-08
-8.1000003e-08
-0.002418
0.00025792999
0.0
-0.0029649001
-0.00017231
-2.5e-07
-0.0016236
-0.00072875002
-0.0027530000000000002
0.00014973999
-2.6727001e-05
0.00024518001
-8.6929002e-05
-0.0037412001
0.0
0.0
1.4e-08
0.00015409
-1.7e-08
0.00010872
-5.976999799999999e-05
-0.00044542999
-0.0015446
-0.00014634999
-0.00023152999
-0.00059890997
0.0014102000000000001
0.001058
0.0039659999
-0.00065052003
2.452e-06
0.0
0.0
0.0
0.0
0.0
-3.0421999000000002e-05
6.948700300000001e-05
4.65e-07
-0.00042905000999999995
-0.00037252001000000006
4.0699999e-07
0.0062930998
0.0012368000000000001
0.0038912001
-0.00024312999
0.00062185002
-0.00019284
-0.00038553
0.0032432998999999997
0.0
0.0
-2.7339999999999996e-06
-0.0030608000000000002
-4e-08
-0.0007151800099999999
8.5699997e-07
-6.8720001e-05
-0.0025617999
0.0003587
0.00012772001
-8.8435001e-05
0.0013036
-0.00026103001
0.0043811002
0.00011058
-6.6098e-05
-2.2000000000000002e-08
1.25e-07
4.2e-08
-2.9999999e-08
3.7e-08
5.9957001e-05
-0.00019521
-4.8999999e-07
-0.00050963002
-0.0013144
0.0
0.0013107999999999998
-0.00028867999
0.0020733001
9.3390001e-05
-0.0005401599900000001
0.00023542
-0.00025002999
-0.00013045
0.0
0.0
-2.8125999999999998e-05
0.0023890999
5.7000001e-08
-2.2581e-05
0.00011858
0.00021738
0.0018035
-0.00021235
-6.4726002e-05
0.00019344001
-0.00016695001
1.1543e-05
-0.011604000000000001
0.0008957299900000001
0.00012090000000000001
7.100000200000001e-08
-7.599999900000002e-08
2.5e-08
1.29e-07
4.4000000000000004e-08
0.002388465
-0.00013220700000000002
2.5e-08
0.0039035798999999998
0.00185923
-1.57e-07
-0.0059802998
-0.00021937001
-0.0032114999
0.0
-5.4962999e-05
-0.00028775999
0.0007224890299999999
0.0006283500099999999
0.0
0.0
3.0845999999999996e-05
0.00051760999
0.0
0.00062904099
-5.9666999999999996e-05
0.00029677001
0.0023029
0.0
0.00016853599999999997
0.00049390498
-0.0025468498999999998
-0.00080851302
0.0032569
-0.00035578998999999997
-5.7254001e-05
2 36 header "K014"
   longname "kal_f_tr"
   coefficient kal_f_tr(s_tr,nind)
   ;
-2.8000001e-08
0.0
-0.0032065001
-8.199999999999999e-08
0.0
-3.9e-08
1.9999999e-09
0.0
-6.799999900000001e-08
1.9999999e-09
-4.5999999999999995e-08
-3.1999999e-08
-4.4000000000000004e-08
0.0
-5.0000000999999995e-08
2.2999999999999998e-08
0.0
9.0999997e-08
0.0
0.0
-9.9399995e-07
0.0
0.0
-6.1000001e-08
5.4000001e-08
2.9999999e-08
3.7999999999999996e-08
-1.2099999999999998e-07
0.0
0.0
-2.7e-08
-1.8e-08
0.0
8.9999999e-09
-5.1000001e-08
3.7999999999999996e-08
2.8000001e-08
0.0
0.0032065001
8.199999999999999e-08
0.0
3.9e-08
-1.9999999e-09
0.0
6.799999900000001e-08
-1.9999999e-09
4.5999999999999995e-08
3.1999999e-08
4.4000000000000004e-08
0.0
5.0000000999999995e-08
-2.2999999999999998e-08
0.0
-9.0999997e-08
0.0
0.0
9.9399995e-07
0.0
0.0
6.1000001e-08
-5.4000001e-08
-2.9999999e-08
-3.7999999999999996e-08
1.2099999999999998e-07
0.0
0.0
2.7e-08
1.8e-08
0.0
-8.9999999e-09
5.1000001e-08
-3.7999999999999996e-08
3 36 header "K015"
   longname "kal_f_tt"
   coefficient kal_f_tt(s_tt,nind)
   ;
-1.4809999999999999e-06
-4.9000001e-08
9e-08
1.4e-08
2.1399999999999998e-07
3.9999999e-09
7.7999999e-08
3.1600001e-07
5.2500002e-07
-4.369000200000001e-06
-1.59e-07
-8.1000003e-08
3.74e-07
2.5112e-05
-4.7000000000000004e-08
-0.0010696
1.088e-06
-9.9999997e-10
-6.3000002e-08
4.8e-08
2.6e-08
-3.7000001e-07
3.4000000999999996e-07
8.800000000000001e-08
4.8e-08
6.199999799999999e-08
1.7799999e-07
5.7000001e-08
-2.22e-07
-1.32e-07
1.96e-07
5.9999998e-08
-8.1299999e-07
-1.3800000000000002e-07
-0.00040018
-3.4999999e-08
1.7619999999999998e-06
-1.6100000000000003e-07
-9.6999997e-08
0.0
-8.899999699999999e-08
-2.1e-08
1.3499999e-07
-2.28e-07
-4.2100001e-07
6.2100003e-07
1.24e-07
1.26e-07
-5.200000099999999e-08
1.5760001e-05
0.0
-0.00022319
-3.3200001e-07
1.8100000000000002e-07
1.0199999999999999e-07
-8.800000000000001e-08
-1.8599999000000001e-07
2.9e-07
1.4699998999999997e-07
3.0999998999999996e-08
1.04e-07
8.1000003e-08
-1.73e-07
-1.14e-07
-1.68e-07
1.57e-07
-1.3800000000000002e-07
1.1000000000000001e-08
1.04e-07
8.1000003e-08
-0.0005129699700000001
0.0
-2.8100001e-07
2.1e-07
7.0000001e-09
-1.4e-08
-1.25e-07
1.7e-08
-2.1300001000000002e-07
-8.800000000000001e-08
-1.04e-07
3.7469999e-06
3.4999999e-08
-4.5e-08
-3.2200001e-07
-4.0872001e-05
4.7000000000000004e-08
0.0012927900999999999
-7.5499997e-07
-1.8e-07
-3.7999999999999996e-08
4e-08
1.59e-07
8.1000003e-08
-4.8700002e-07
-1.1900000000000001e-07
-1.5199999999999998e-07
-1.4299999e-07
-5e-09
5.7000001e-08
3.9e-07
-2.5e-08
-5.8000000999999994e-08
-6.999999900000001e-08
7.0900001e-07
5.7000001e-08
0.0009131500300000001
3.4999999e-08
3 36 header "K016"
   longname "kal_f_sv"
   coefficient kal_f_sv(s_sv,nind)
   ;
1.73e-07
0.00061299
0.00061761
4.5e-08
3.3200001e-07
-8.3800001e-07
3.0294000999999998e-05
5.9799999e-07
-8.199999999999999e-08
-2.9000001000000002e-08
-9.0999997e-08
2.4799999e-07
-8.6e-08
3.1999999e-08
-5.8000000999999994e-08
1.2199999999999998e-07
1.5099998999999998e-07
4e-08
-1.2e-08
-6.9000002e-08
2.1300001000000002e-07
-9e-08
1.25e-07
-0.0010884
2.1399999999999998e-07
-0.0021863998999999998
3.3999998999999996e-08
0.0028820001
-1.6e-08
-0.0039233997999999996
-3.39e-07
-1.841e-06
0.0
-9.6999997e-08
6.3999998e-08
-4.5e-08
-8.1000003e-08
-0.00055458001
-0.0007221599799999999
-9.600000099999999e-08
-2.6199999e-07
4.6200000000000003e-07
-6.824000099999999e-06
5.3799999e-07
2.5e-08
5.0000000999999995e-08
6.0000001e-09
2.2000000000000002e-08
1.4299999e-07
7.7999999e-08
2.9000001000000002e-08
-1.87e-07
1.4e-07
1.48e-07
7.5000003e-08
-2.9000001000000002e-08
-6.1000001e-08
7.7999999e-08
-2.4e-08
0.0009228200099999999
-3.2999998999999994e-08
0.010246
-9.200000099999998e-08
0.0021422998999999997
5.3000000999999995e-08
0.010395
1.8599999000000001e-07
-5.7099999e-07
-6.1000001e-08
-6.199999799999999e-08
4.7000000000000004e-08
1.3e-08
-9.0999997e-08
-5.8410002000000004e-05
0.00010455
5.1000001e-08
-6.9000002e-08
3.7600000000000003e-07
-2.347e-05
-1.136e-06
5.7000001e-08
-2e-08
8.500000300000002e-08
-2.69e-07
-5.8000000999999994e-08
-1.1e-07
2.9000001000000002e-08
6.5000002e-08
-2.9099999e-07
-1.8899999999999999e-07
-6.3000002e-08
9.6999997e-08
-1.5199999999999998e-07
1.3e-08
-1.0099999999999999e-07
0.00016558
-1.8199998999999998e-07
-0.0080596004
5.8000000999999994e-08
-0.005024300000000001
-3.5999999e-08
-0.0064715999
1.53e-07
2.412e-06
6.1000001e-08
1.59e-07
-1.1e-07
3.0999998999999996e-08
3 36 header "K017"
   longname "kal_f_bl"
   coefficient kal_f_bl(s_bl,nind)
   ;
1.9999999e-09
0.0
0.0
0.0
-2.5e-08
2.9399999e-07
1.42e-07
0.0
0.0
-7.7000003e-08
9.431700199999999e-05
0.00019560001
0.0012893
-2.6e-08
-5.200000099999999e-08
0.0
-8.300000299999999e-08
0.0
0.00012365
-9.499999699999998e-08
-2.5e-08
-6.0131999e-05
5.3449999000000006e-06
-5.6581000999999995e-05
0.0
0.0
0.0
1.8399999999999998e-07
0.0
0.0
0.0
0.0
-2.9399999e-07
-3.87e-07
-7.3000002e-08
-2.8900001e-07
1.8999999999999998e-08
-8.9999999e-09
-7.0000001e-09
-1.8999999999999998e-08
-9.499999699999998e-08
5.7000001e-08
-3.1600001e-07
-4.4000000000000004e-08
3.2999998999999994e-08
-1.0699999999999999e-07
0.00066922
-0.0011864
-0.030182
1.1059999999999999e-06
-7.9999998e-09
-4.8e-08
-3.3999998999999996e-08
-2.1e-08
-0.00021180999
-2.12e-07
-1.49e-07
-0.00065427
9.917999699999999e-06
0.00058527
5.0000000999999995e-08
3.7e-08
4e-08
-1.159e-06
-2e-08
-2.2999999999999998e-08
2.1e-08
-8.1000003e-08
3.4499999000000005e-07
1.1000000000000001e-08
-5.649999900000001e-07
6.9499998e-07
-2.1e-08
8.9999999e-09
7.0000001e-09
1.8999999999999998e-08
1.2e-07
-3.5100001e-07
1.73e-07
4.4000000000000004e-08
-3.2999998999999994e-08
1.8399999999999998e-07
-0.00076353701
0.00099079998
0.028892700000000004
-1.0799998999999999e-06
5.9999998e-08
4.8e-08
1.1699999999999999e-07
2.1e-08
8.815999900000001e-05
3.0699999e-07
1.7399998999999999e-07
0.00071440201
-1.5263e-05
-0.00052868901
-5.0000000999999995e-08
-3.7e-08
-4e-08
9.7400005e-07
2e-08
2.2999999999999998e-08
-2.1e-08
8.1000003e-08
-5.1000001e-08
3.7600000000000003e-07
6.390000100000001e-07
-4.06e-07
3 36 header "K018"
   longname "kal_f_ob"
   coefficient kal_f_ob(s_ob,nind)
   ;
-0.00032779999
1.73e-07
1.71e-07
2.3399999999999998e-07
-0.0015136
1.08e-07
8.199999999999999e-08
-1.1000000000000001e-08
1.6100000000000003e-07
9e-08
-1.2e-08
6.5000002e-08
-1.6e-08
1.0099999999999999e-07
2.4199999999999997e-07
-4.4000000000000004e-08
-3.7e-08
2e-07
6.9000002e-08
1.3e-07
2.5e-08
8.1000003e-08
1.4699998999999997e-07
1.0699999999999999e-07
-8.199999999999999e-08
-4.5e-08
-1.8999999999999998e-08
0.0022735
-2.1e-08
-0.00013662
-0.0022390999
-1.42e-07
1.8999999999999998e-08
2.5e-08
-1.44e-07
-1.2300001e-07
-1.412e-06
-2.58e-07
-2.28e-07
4e-08
-0.0027991
-8e-08
3.7999999999999996e-08
-8.9999999e-09
1.37e-07
1.6200001e-07
-5.200000099999999e-08
-1.8e-08
-3.9e-08
5.8000000999999994e-08
-2.1e-08
1.4e-08
-5.4000001e-08
-1.3899999e-07
0.0
5.8000000999999994e-08
1.4e-08
2.9999999e-08
8.699999699999999e-08
1.1e-07
-2e-08
-6.700000200000001e-08
-6.3000002e-08
-0.00017689999
-1.2700001e-07
6.1594001e-05
-0.00076566997
2.4e-08
-1.1e-07
-3.9e-08
-1.6200001e-07
-3.9999999e-09
0.00032921199
8.500000300000002e-08
5.7000001e-08
-2.7300001e-07
0.0043127001000000005
-2.8000001e-08
-1.1900000000000001e-07
2e-08
-2.98e-07
-2.5099999000000003e-07
6.3000002e-08
-4.7000000000000004e-08
5.4000001e-08
-1.59e-07
-2.2e-07
2.9999999e-08
9.0999997e-08
-6.1000001e-08
-6.9000002e-08
-1.8800000000000002e-07
-3.9e-08
-1.11e-07
-2.3399999999999998e-07
-2.1800000000000002e-07
1.0300000000000001e-07
1.11e-07
8.199999999999999e-08
-0.0020965999
1.4699998999999997e-07
7.502600099999999e-05
0.00300477
1.1800000000000001e-07
9.0999997e-08
1.4e-08
3.06e-07
1.2700001e-07
4 36 header "K019"
   longname "kal_f_os"
   coefficient kal_f_os(s_os,nind)
   ;
-5e-09
-2.9000001000000002e-08
0.0
0.0
-0.00042634
-3.9e-08
-7.7000003e-08
0.0
0.0
0.0
0.0
0.0
0.0
0.0
0.0
0.0
0.0019799001
3.1720001000000002e-06
0.0
0.0
0.0
0.0
-5.9000000999999996e-08
-1.3779000000000001e-05
-3.8900001000000004e-07
-8.3600003e-07
0.0
0.0
0.0018919
0.0
0.0
0.0
-0.0037219999
0.0
-0.0005607099700000001
-0.0006566499900000001
0.0
0.0
0.0
0.0
0.0
0.0
0.0
0.0
0.0
0.0
0.0
0.0
0.0
0.0
0.0
0.0
0.0
0.0
0.0
0.0
0.0
0.0
0.0
0.0
0.0
0.0
0.0
0.0
0.0
0.0
0.0
0.0
0.0065772999
8.013500299999999e-05
0.0
-0.00010035
-4.2299999e-07
2.9000001000000002e-08
0.0
-3.5999999e-08
-0.0007871
3.9e-08
1.4999998999999998e-08
4.5999999999999995e-08
2.8000001e-08
7.900000299999999e-08
3.4999999e-08
1.34e-07
-2e-08
5.3000000999999995e-08
3.4999999e-08
2.7e-08
-0.0049342001
-6.363e-06
4.9000001e-08
2e-08
7.9999998e-09
0.0
2.2099999e-07
0.00021042999
5.9799999e-07
8.1299999e-07
-8.9999999e-09
6.0000001e-09
-0.0038582
9.9999997e-10
-9.9999999e-09
-4.4000000000000004e-08
0.00046392000999999995
-8.0942002e-05
-0.0012376
-7.0157999e-05
4.2799999e-07
0.0
0.0
3.5999999e-08
0.00121344
0.0
6.199999799999999e-08
-4.5999999999999995e-08
-2.8000001e-08
-7.900000299999999e-08
-3.4999999e-08
-1.34e-07
2e-08
-5.3000000999999995e-08
-3.4999999e-08
-2.7e-08
0.0029543000000000004
3.1909999e-06
-4.9000001e-08
-2e-08
-7.9999998e-09
0.0
-1.6200001e-07
-0.000196651
-2.08e-07
2.2000000000000002e-08
8.9999999e-09
-6.0000001e-09
0.0019663
-9.9999997e-10
9.9999999e-09
4.4000000000000004e-08
-0.0033192199
8.0699999e-07
0.00179831
0.00082715799
2 header "K020"
   longname "kal_fi_fixed"
   coefficient kal_fi_fixed(s_fixed)
   ;
2.3941e-08
-2.3941e-08
3 header "K021"
   longname "kal_fi_long"
   coefficient kal_fi_long(s_long)
   ;
3.1276999999999996e-07
-1.1152e-08
-3.0160999000000003e-07
2 header "K022"
   longname "kal_fi_short"
   coefficient kal_fi_short(s_short)
   ;
-3.6365002e-08
3.6365002e-08
3 header "K023"
   longname "kal_fi_eit"
   coefficient kal_fi_eit(s_eit)
   ;
-5.209199800000001e-08
-3.0205999e-08
8.229800099999999e-08
3 header "K024"
   longname "kal_fi_ttsvc"
   coefficient kal_fi_ttsvc(s_ttsvc)
   ;
1.1182e-07
1.2773e-07
-2.3954999e-07
3 header "K025"
   longname "kal_fi_mach"
   coefficient kal_fi_mach(s_mach)
   ;
-1.3880999e-07
6.8623002e-10
1.3813001000000002e-07
3 header "K026"
   longname "kal_fi_it"
   coefficient kal_fi_it(s_it)
   ;
-7.5011997e-08
7.447499700000001e-08
5.3693e-10
2 header "K027"
   longname "kal_fi_trnsp"
   coefficient kal_fi_trnsp(s_trnsp)
   ;
8.4351001e-08
-8.4351001e-08
2 header "K028"
   longname "kal_fi_trd"
   coefficient kal_fi_trd(s_trd)
   ;
-5.7444002e-08
5.7444002e-08
2 header "K029"
   longname "kal_fi_serv"
   coefficient kal_fi_serv(s_serv)
   ;
-5.3610001e-09
5.3610001e-09
2 header "K030"
   longname "kal_fi_frawm"
   coefficient kal_fi_frawm(s_frawm)
   ;
1.6427000000000002e-08
-1.6427000000000002e-08
3 header "K031"
   longname "kal_fi_mserv"
   coefficient kal_fi_mserv(s_mserv)
   ;
7.0641001e-08
-7.0641001e-08
0.0
2 header "K032"
   longname "kal_fi_mrawm"
   coefficient kal_fi_mrawm(s_mrawm)
   ;
-5.8811999e-08
5.8811999e-08
3 header "K033"
   longname "kal_fi_furn"
   coefficient kal_fi_furn(s_furn)
   ;
-4.3688999000000005e-08
2.4746001e-07
-2.0376999999999998e-07
3 header "K034"
   longname "kal_fi_rawm"
   coefficient kal_fi_rawm(s_rawm)
   ;
5.6715002e-09
-4.5831999999999996e-08
4.016e-08
4 header "K035"
   longname "kal_fh_f"
   coefficient kal_fh_f(s_f)
   ;
0.0
0.0
0.0
0.0
4 header "K036"
   longname "kal_fh_nd"
   coefficient kal_fh_nd(s_nd)
   ;
4.8796e-08
2.2684e-07
-3.7149998999999995e-08
-2.3849e-07
2 header "K037"
   longname "kal_fh_ks"
   coefficient kal_fh_ks(s_ks)
   ;
1.0907999999999999e-08
-1.0907999999999999e-08
4 header "K038"
   longname "kal_fh_cs"
   coefficient kal_fh_cs(s_cs)
   ;
-3.1816001e-07
-1.6828e-07
1.0790999999999999e-07
3.7852998999999995e-07
2 header "K039"
   longname "kal_fh_en"
   coefficient kal_fh_en(s_en)
   ;
-1.8654999e-08
1.8654999e-08
4 header "K040"
   longname "kal_fh_cg"
   coefficient kal_fh_cg(s_cg)
   ;
-8.2704e-06
6.373099900000001e-06
-5.6884001e-06
7.585700099999999e-06
2 header "K041"
   longname "kal_fh_md"
   coefficient kal_fh_md(s_md)
   ;
-1.786e-08
1.786e-08
3 header "K042"
   longname "kal_fh_fb"
   coefficient kal_fh_fb(s_fb)
   ;
9.5900003e-05
-5.6445999e-05
-3.9454e-05
4 header "K043"
   longname "kal_fh_ho"
   coefficient kal_fh_ho(s_ho)
   ;
-1.8476e-07
-2.0007001000000003e-07
2.4574999e-07
1.3908e-07
3 header "K044"
   longname "kal_fh_rc"
   coefficient kal_fh_rc(s_rc)
   ;
9.7075997e-07
-6.8951999e-07
-2.8125001e-07
2 header "K045"
   longname "kal_fh_hpg"
   coefficient kal_fh_hpg(s_hpg)
   ;
2.9862001e-08
-2.9862001e-08
2 header "K046"
   longname "kal_fh_edn"
   coefficient kal_fh_edn(s_edn)
   ;
-5.3832e-08
5.3832e-08
3 header "K047"
   longname "kal_fh_ups"
   coefficient kal_fh_ups(s_ups)
   ;
-6.828000200000001e-08
-2.4594000000000002e-08
9.2873996e-08
4 header "K048"
   longname "kal_fh_trc"
   coefficient kal_fh_trc(s_trc)
   ;
-2.4271000000000003e-07
2.7506999e-07
-2.3197000000000003e-08
-9.1596002e-09
3 header "K049"
   longname "kal_fh_rcs"
   coefficient kal_fh_rcs(s_rcs)
   ;
-3.5906002e-08
1.413e-08
2.1776e-08
2 header "K050"
   longname "kal_fh_trv"
   coefficient kal_fh_trv(s_trv)
   ;
-1.0302e-08
1.0302e-08
2 header "K051"
   longname "kal_fh_ens"
   coefficient kal_fh_ens(s_ens)
   ;
-2.0031001000000003e-08
2.0031001000000003e-08
3 header "K052"
   longname "kal_fh_hps"
   coefficient kal_fh_hps(s_hps)
   ;
1.7359e-07
-1.7229e-07
-1.3003000000000002e-09
2 header "K053"
   longname "kal_fh_cmm"
   coefficient kal_fh_cmm(s_cmm)
   ;
1.5184e-08
-1.5184e-08
36 header "K054"
   longname "kal_m"
   coefficient kal_m(ncom)
   ;
2.1721999999999996e-09
-1.1327e-07
-4.2917002e-08
-7.8325e-09
3.1344999e-08
-9.6540997e-09
-8.290799999999999e-09
4.4520998999999996e-07
0.0
-2.3186000999999997e-08
-1.6614999e-08
-3.1359999e-08
-1.1471e-08
-5.6129e-08
-1.1092e-07
4.5961999e-09
-1.4029000000000001e-08
8.2724e-06
-1.0873999999999999e-08
3.1753999e-08
-3.6185e-08
-1.0472999999999999e-08
-6.239599799999999e-08
-3.5168998e-08
0.0
0.0
-2.2193999999999997e-08
-1.4286000000000001e-08
-7.2363e-05
-8.3129002e-05
-4.205200200000001e-06
-1.6510999999999998e-05
0.0
-4.7500001e-07
4.6318e-06
-0.00021338
36 header "K055"
   longname "kal_x"
   coefficient kal_x(ncom)
   ;
-2.7311000000000002e-08
-1.9301e-08
-0.0006076699900000001
3.0471998e-08
-1.676e-08
-6.6264998e-09
-3.0888e-07
-1.0627000000000001e-07
-1.0761e-06
2.0264000000000002e-08
2.3508999e-09
-2.3895e-08
-1.0793999999999999e-08
-6.0205001e-09
3.2397001e-08
-2.9019001000000004e-08
-9.3296004e-10
-1.4492e-08
-0.00091586
4.7010001e-08
6.1068999e-09
-6.9891e-09
-2.6539999999999998e-08
-1.2758e-08
6.571200099999999e-08
1.0417e-06
5.7916000999999995e-05
2.2545001e-08
-0.0009908899699999998
-1.7099e-08
-0.0059803999
-1.4218e-08
-3.992e-08
-0.0065585999
-0.0022334
-2.1896001e-06
