1 header "M001"
   longname "make_version"
   coefficient make_version
   ;
205.0
36 36 header "M002"
   longname "make_rowshr"
   coefficient make_rowshr(nind,ncom)
   ;
0.95628262
0.0
0.0
0.0
0.0
0.0
0.0
0.0
2.5814101e-05
0.0054928823
0.0
0.0
0.0
0.0
0.0
0.0
0.0
0.0
0.0
0.038198672
0.0
0.0
0.0
0.0
0.0
0.0
0.0
0.0
0.0
0.0
0.0
0.0
0.0
0.0
0.0
0.0
0.0
0.9543947
0.0
0.0
0.0020606776
0.0
0.0
0.0
0.0
0.0
0.0
0.0
0.0
0.0
0.0
0.0
0.0
0.0
0.0
0.0
0.0
0.0
0.043544643
0.0
0.0
0.0
0.0
0.0
0.0
0.0
0.0
0.0
0.0
0.0
0.0
0.0
0.0
0.0
0.97223222
0.0
0.0051348675
0.0
0.0
0.0
0.0
0.0
0.0
0.0
0.0
0.0
0.0
0.0
0.0
0.0
0.0
0.0
0.0
0.0
0.022632918999999998
0.0
0.0
0.0
0.0
0.0
0.0
0.0
0.0
0.0
0.0
0.0
0.0
0.0
0.0
0.0
0.0
0.89864522
0.0013165185999999998
0.0
0.0
0.0
0.10003825
0.0
0.0
0.0
0.0
0.0
0.0
0.0
0.0
0.0
0.0
0.0
0.0
0.0
0.0
0.0
0.0
0.0
0.0
0.0
0.0
0.0
0.0
0.0
0.0
0.0
0.0
0.0
0.0
0.0
0.0
0.0
0.9564485
0.0
0.0
0.0
0.010107887
0.0
0.0088384971
0.0
0.0
0.0
0.0
0.0
0.0
0.0
0.0
0.0
0.0
0.0
0.0016880732999999999
0.019773412
0.0031436954
0.0
0.0
0.0
0.0
0.0
0.0
0.0
0.0
0.0
0.0
0.0
0.0
0.0
0.0
0.0
0.0
0.81620073
0.067732066
0.0
0.11044896
0.0
0.0
0.0
0.0
0.0
0.0
0.0
0.0
0.0
0.0
0.0
0.0
0.0
0.0
0.0
0.0
0.0
0.0054763639000000005
0.0
0.0
0.0
0.0001418802
0.0
0.0
0.0
0.0
0.0
0.0
0.0
0.0
0.0
0.0
0.023815533
0.91124797
0.0
0.047917165
0.0
0.0
0.0
0.0
0.0
0.0
0.0
0.0
0.0
0.0
0.0
0.0
0.0
0.0
0.0
0.0
0.0
0.017019371999999998
0.0
0.0
0.0
0.0
0.0
0.0
0.0
0.0
0.0
0.0
0.0
0.0
0.0
0.0
0.019493243
0.0
0.87066197
0.10984478
0.0
0.0
0.0
0.0
0.0
0.0
0.0
0.0
0.0
0.0
0.0
0.0
0.0
0.0
0.0
0.0
0.0
0.0
0.0
0.0
0.0
0.0
0.0
0.0
0.0
0.0
0.0
0.0
0.0
0.0
0.0
0.0
0.0
0.0
0.0
0.99978548
0.0
0.0
0.0
0.0
0.0
0.0
0.0
0.0
0.0
0.0
0.0
0.0
0.0
0.0
0.0
0.0
0.00021450117000000002
0.0
0.0
0.0
0.0
0.0
0.0
0.0
0.0
0.0
0.0
0.0
0.0
0.0
0.0
0.0
0.0
0.0
0.0
0.0011408982
0.97750556
0.0
0.0
0.0021117467
0.0
0.0010398478
0.0
0.0
0.0
0.0028036539
0.0
0.0014029869
0.0044774618
0.0
0.0023042661999999998
0.0072136326
0.0
0.0
0.0
0.0
0.0
0.0
0.0
0.0
0.0
0.0
0.0
0.0
0.0
0.0
0.0
0.0
0.0
0.0
0.0
0.0024746539999999997
0.0052399645
0.96409732
0.00046730114000000003
0.0012930228
0.0041083954
0.0
0.00078015932
0.0
0.0
0.00033879332
5.8996771e-05
0.00040094443999999995
0.0
0.0013434906
0.0034519540999999997
0.015945116000000002
0.0
0.0
0.0
0.0
0.0
0.0
0.0
0.0
0.0
0.0
0.0
0.0
0.0
0.0
0.0
0.0
0.0
0.0
0.0
0.0023351603
6.2474806e-05
1.2528388e-05
0.98202616
0.0055593089000000005
0.0026646828999999997
0.0
0.0024187532
0.0
0.0
9.787718199999999e-06
0.0
0.0
0.0
0.0
0.0035367394
0.0013745457
0.0
0.0
0.0
0.0
0.0
0.0
0.0
0.0
0.0
0.0
0.0
0.0
0.0
0.0
0.0
0.0
0.0
0.0
0.0
0.0031957546999999997
0.00070705067
0.00074854883
0.01752048
0.9199245
0.01621525
0.00057197642
0.0057079396
0.0062028822
0.0074759177
0.0044586915000000005
0.0
0.00019742147
0.00047418172
0.0
0.0021537996
0.014445568999999998
0.0
0.0
0.0
0.0
0.0
0.0
0.0
0.0
0.0
0.0
0.0
0.0
0.0
0.0
0.0
0.0
0.0
0.0
0.0
0.0020715441
0.00026321676
0.00066719641
0.0008227081299999999
0.014898367
0.93962103
0.00082595547
0.009444978100000001
0.005551456
0.008055801500000001
0.0009197898300000001
0.0
0.0
0.0
0.0
0.0022647495
0.014593176999999999
0.0
0.0
0.0
0.0
0.0
0.0
0.0
0.0
0.0
0.0
0.0
0.0
0.0
0.0
0.0
0.0
0.0
0.0
0.0
0.0016102763
0.0
0.00042258293
0.0
0.001718375
0.0092472211
0.92265284
0.024529921
0.0025967653
0.0061666598
0.0021655329000000003
0.0
0.0
0.0
0.0
0.00038142997000000005
0.028508337
0.0
0.0
0.0
0.0
0.0
0.0
0.0
0.0
0.0
0.0
0.0
0.0
0.0
0.0
0.0
0.0
0.0
0.0
0.0
0.0011128045
0.0
0.00042870769
0.0032943725
0.014193128000000001
0.011913199
0.014327288
0.90424943
0.017959155
0.0029657384999999996
0.0037339162
0.0
0.00012445403000000001
0.0
0.0008345743400000001
0.0029553114
0.021907872000000002
0.0
0.0
0.0
0.0
0.0
0.0
0.0
0.0
0.0
0.0
0.0
0.0
0.0
0.0
0.0
0.0
0.0
0.0
0.0
0.0009996662800000001
0.0
0.0
0.0
0.0096752048
0.011892947
0.0022279689999999998
0.0032871789000000003
0.95907307
0.005522348000000001
0.0006407388700000001
0.0
3.2884123e-05
0.0
0.0
4.5242529999999995e-05
0.0066028275
0.0
0.0
0.0
0.0
0.0
0.0
0.0
0.0
0.0
0.0
0.0
0.0
0.0
0.0
0.0
0.0
0.0
0.0
0.0
0.002324461
0.0
0.0
0.0
0.010807279
0.018238002
0.0018474514
0.022604005
0.0033167796000000004
0.92853504
0.00081314537
0.0
7.549633300000001e-05
0.0
0.0
0.0
0.011438266
0.0
0.0
0.0
0.0
0.0
0.0
0.0
0.0
0.0
0.0
0.0
0.0
0.0
0.0
0.0
0.0
0.0
0.0
0.0
0.00026684784
0.0033190753000000004
0.0016502558999999999
0.0
0.0059832414
0.0033254349
0.0013431267999999999
0.0011475567
0.00043172185999999996
0.0
0.94577646
0.0
0.0023309926000000003
0.00071552844
0.00050222146
0.0040969540999999995
0.01483615
0.00042621949000000003
0.0
0.0
0.0
0.0
0.0
0.013848183
0.0
0.0
0.0
0.0
0.0
0.0
0.0
0.0
0.0
0.0
0.0
0.0
0.0
0.0
0.0
0.0
0.0
0.0
0.0
0.0
0.0
0.0
0.0
0.97429317
7.6973174e-07
0.0
0.0
0.0016351426
0.015613877
0.0084569855
0.0
0.0
0.0
0.0
0.0
0.0
0.0
0.0
0.0
0.0
0.0
0.0
0.0
0.0
0.0
0.0
0.0
0.0
0.00074882281
0.0009231481199999999
0.0
0.0
0.0
0.0
0.0
0.0
0.00011476868
0.0
0.00075112365
0.0
0.99186677
5.3030217e-05
4.3987983999999996e-05
0.0024543605
0.0030439144
0.0
0.0
0.0
0.0
0.0
0.0
0.0
0.0
0.0
0.0
0.0
0.0
0.0
0.0
0.0
0.0
0.0
0.0
0.0
0.00027477322
0.0077156913
0.0
0.0
0.0015444938000000001
0.0
0.0
0.0
0.0
0.0
0.001668258
0.0
0.0007074455499999999
0.62133181
0.0
0.00072986272
0.012255428999999998
8.3650564e-05
0.0
0.0
0.0
0.0
0.0
0.35368857
0.0
0.0
0.0
0.0
0.0
0.0
0.0
0.0
0.0
0.0
0.0
0.0
0.007862110600000001
0.0001199194
0.0013790728
0.0056661912
0.0
0.0
0.0
0.00078547187
0.0
0.0
0.0
0.0
0.0
0.0
0.93205601
0.045646768
0.0064844289
0.0
0.0
0.0
0.0
0.0
0.0
0.0
0.0
0.0
0.0
0.0
0.0
0.0
0.0
0.0
0.0
0.0
0.0
0.0
0.0029773549
0.00090750854
0.001797698
0.0
0.00041738112
0.0010374943
0.0001174663
0.0006011174400000001
3.9061109e-05
0.0
0.0035172461
0.0032590884000000004
0.0012865089
3.495947e-05
0.0036043113
0.95369858
0.026704222000000003
0.0
0.0
0.0
0.0
0.0
0.0
0.0
0.0
0.0
0.0
0.0
0.0
0.0
0.0
0.0
0.0
0.0
0.0
0.0
0.0
0.0
0.0
0.0
0.0
0.0
0.0
0.0
0.01113688
0.0
0.00013921103000000002
0.058468636
0.0
0.0
0.0
0.0
0.88582104
0.0
0.0009739694099999999
0.0
0.0
0.0
0.015090474
0.00022130141
0.0
0.0
0.028148483
0.0
0.0
0.0
0.0
0.0
0.0
0.0
0.0
0.0
0.00087232224
0.0
0.0
0.0
0.0
0.0
0.0
0.0
0.0
0.0
0.00040722845000000003
0.042776093
0.0
6.0740193e-05
0.0
0.0
0.0
0.85613286
0.0017934944
0.0
0.0
0.001945645
0.0
0.0016143704
6.701536e-05
7.0958333e-05
0.090512425
0.003746748
0.0
0.0
0.0
0.0
0.0
0.0
0.0
0.0
0.016417528
0.0
0.0
0.0
0.0
0.0
0.0
0.0
0.0
0.0
0.0
0.0
0.0
0.0
0.0
0.0
0.0
0.0042074593
0.97909516
0.0
0.0
0.0
0.0
0.0
0.0
0.0
0.00027985798
0.0
0.0
0.0
0.0
0.0
0.0
0.0
0.0
0.0
0.088847712
0.0
0.0
0.0
0.0
0.0
0.0
0.0
0.0
0.0
0.0
0.0
0.0
0.0
0.0
0.0
0.0
0.0
0.0
0.74771696
0.0045478768
0.0
0.0
0.15888743
0.0
0.0
0.0
0.0
0.0
0.0
0.0
0.0
0.0
0.0
0.0
0.0
0.0
0.0
0.0
0.0
0.0
0.0
0.0
0.0
0.0
0.0
0.0
0.0
0.0
0.0
0.0
0.0
0.0
0.0
0.0
0.00052603119
0.99893498
0.0
0.0
0.0005389795400000001
0.0
0.0
0.0
0.0
0.0
0.0
0.0
0.0
0.0
0.0
0.0
0.0
0.00036001706
0.0
0.0
0.0
0.0
0.0
0.0
0.0
0.0
0.0
0.0
0.0
0.0
0.0
0.0
0.0
0.0
0.0006814550099999999
0.0
0.0
0.0
0.99895847
0.0
0.0
0.0
0.0
0.0
0.0
0.0
0.0
0.0
0.0
0.0
0.0
0.0
0.0
0.06936682
0.0
0.0
0.0
0.0
0.0
0.0
0.0
0.0
0.0
0.0
0.0
0.0
0.0
0.0
0.0
0.0
0.0
0.0
0.0
0.0
0.0
0.93063313
0.0
0.0
0.0
0.0
0.0
0.0
0.0
0.0
0.0
0.0
0.0
0.0
0.0
0.0
0.0
0.0
0.0
0.0
0.0
0.0
0.0
0.0
0.0
0.0
0.0
0.0
0.0
0.0
0.0
0.0
0.017883243
0.0
0.0
0.0013438122
0.0
0.0
0.97801995
0.0
0.0
0.0027530051000000002
0.0
0.0
0.0
0.0
0.0
0.0
0.0
0.0
0.0
0.0
0.0
0.0
0.0
0.0
0.0
0.0
0.0
0.0
0.0
0.0
0.0
0.0
0.0
0.0
0.0
0.0
0.00065906299
0.0
0.0
0.0
0.0
0.0
0.0
0.98952085
0.0
0.0098200813
0.0
0.0
0.0
0.0
0.0
0.0
0.0
0.0
0.0
0.0058060483999999996
0.0
0.0
0.0
0.0
0.0
0.0
0.0
0.0
0.0
0.0
0.0
0.0
0.0
0.0
0.0
0.0
0.0006119431299999999
0.0
0.0
0.0
0.0
0.0
0.0
0.0
0.9926541999999999
0.0009278174800000001
0.0
0.0
0.0
0.0
0.0
0.0
0.0
0.0
0.0
0.0022693784
0.0
0.0
0.0
0.0
0.0
0.0
0.0
0.0
0.0
0.0
0.0
0.0
0.0
0.0
0.0
0.0
0.10636011
0.0
0.0
0.0
0.0
0.0
0.00058810652
0.0
0.0
0.89078242
0.0
0.0023656967000000003
0.0
0.0
0.00085022481
0.0009504098
0.0
0.0062532262
0.0
0.011595123
3.5532779e-05
0.00014093373999999998
0.0
0.0
0.0
0.0
0.0
0.0
0.0
0.00023786042999999997
0.00024266292000000003
0.0
0.00029149879
0.0
0.0003826012
0.0
0.011400991000000001
0.013735583
0.0004399523
0.0
0.0026965919000000002
0.0086734612
0.010495463
0.00025304302
0.0012809017
0.009225183199999999
0.9184530999999999
36 36 header "M003"
   longname "make_colshr"
   coefficient make_colshr(nind,ncom)
   ;
0.99599582
0.0
0.0
0.0
0.0
0.0
0.0
0.0
1.6284162e-05
0.012103078
0.0
0.0
0.0
0.0
0.0
0.0
0.0
0.0
0.0
0.023033071000000002
0.0
0.0
0.0
0.0
0.0
0.0
0.0
0.0
0.0
0.0
0.0
0.0
0.0
0.0
0.0
0.0
0.0
1.0
0.0
0.0
0.0021372449
0.0
0.0
0.0
0.0
0.0
0.0
0.0
0.0
0.0
0.0
0.0
0.0
0.0
0.0
0.0
0.0
0.0
0.020292306
0.0
0.0
0.0
0.0
0.0
0.0
0.0
0.0
0.0
0.0
0.0
0.0
0.0
0.0
0.0
1.0
0.0
0.0014406436
0.0
0.0
0.0
0.0
0.0
0.0
0.0
0.0
0.0
0.0
0.0
0.0
0.0
0.0
0.0
0.0
0.0
0.0028531216
0.0
0.0
0.0
0.0
0.0
0.0
0.0
0.0
0.0
0.0
0.0
0.0
0.0
0.0
0.0
0.0
0.97882617
0.00053113099
0.0
0.0
0.0
0.0044854316
0.0
0.0
0.0
0.0
0.0
0.0
0.0
0.0
0.0
0.0
0.0
0.0
0.0
0.0
0.0
0.0
0.0
0.0
0.0
0.0
0.0
0.0
0.0
0.0
0.0
0.0
0.0
0.0
0.0
0.0
0.0
0.98712432
0.0
0.0
0.0
0.0011594024
0.0
0.0079364041
0.0
0.0
0.0
0.0
0.0
0.0
0.0
0.0
0.0
0.0
0.0
0.00078280573
0.0049500894
0.00057199318
0.0
0.0
0.0
0.0
0.0
0.0
0.0
0.0
0.0
0.0
0.0
0.0
0.0
0.0
0.0
0.0
0.98451853
0.12444526
0.0
0.022725087
0.0
0.0
0.0
0.0
0.0
0.0
0.0
0.0
0.0
0.0
0.0
0.0
0.0
0.0
0.0
0.0
0.0
0.0020856066
0.0
0.0
0.0
5.0875573000000004e-05
0.0
0.0
0.0
0.0
0.0
0.0
0.0
0.0
0.0
0.0
0.014040572
0.81831068
0.0
0.0048187301
0.0
0.0
0.0
0.0
0.0
0.0
0.0
0.0
0.0
0.0
0.0
0.0
0.0
0.0
0.0
0.0
0.0
0.0031679713
0.0
0.0
0.0
0.0
0.0
0.0
0.0
0.0
0.0
0.0
0.0
0.0
0.0
0.0
0.0014408826
0.0
1.0
0.0013849717999999999
0.0
0.0
0.0
0.0
0.0
0.0
0.0
0.0
0.0
0.0
0.0
0.0
0.0
0.0
0.0
0.0
0.0
0.0
0.0
0.0
0.0
0.0
0.0
0.0
0.0
0.0
0.0
0.0
0.0
0.0
0.0
0.0
0.0
0.0
0.0
0.85824281
0.0
0.0
0.0
0.0
0.0
0.0
0.0
0.0
0.0
0.0
0.0
0.0
0.0
0.0
0.0
0.0
0.00022322324
0.0
0.0
0.0
0.0
0.0
0.0
0.0
0.0
0.0
0.0
0.0
0.0
0.0
0.0
0.0
0.0
0.0
0.0
0.00032585915
0.97519028
0.0
0.0
0.0019177467000000001
0.0
0.0026112257000000002
0.0
0.0
0.0
0.0045212768
0.0
0.0008266334799999999
0.013983406
0.0
0.0014363929999999998
0.0032682375
0.0
0.0
0.0
0.0
0.0
0.0
0.0
0.0
0.0
0.0
0.0
0.0
0.0
0.0
0.0
0.0
0.0
0.0
0.0
0.00031968614
0.0023644207999999997
0.97499353
0.00016336573999999998
0.00053110684
0.0019680967
0.0
0.00048510425
0.0
0.0
0.00024711424999999997
7.2850530000000005e-06
0.00010684886000000001
0.0
0.0007016698399999999
0.0009732667800000001
0.0032674846999999996
0.0
0.0
0.0
0.0
0.0
0.0
0.0
0.0
0.0
0.0
0.0
0.0
0.0
0.0
0.0
0.0
0.0
0.0
0.0
0.00085947837
8.0317521e-05
3.6098154e-05
0.97812897
0.0065058717000000005
0.0036368775
0.0
0.0042850142
0.0
0.0
2.0340114e-05
0.0
0.0
0.0
0.0
0.0028410503000000004
0.00080251659
0.0
0.0
0.0
0.0
0.0
0.0
0.0
0.0
0.0
0.0
0.0
0.0
0.0
0.0
0.0
0.0
0.0
0.0
0.0
0.0010303218
0.0007962273700000001
0.0018892573000000002
0.015286225
0.94301379
0.01938599
0.0016213215
0.008857706600000001
0.0050438098
0.010381878
0.0081163459
0.0
0.00013130164
0.0016716382
0.0
0.0015155224
0.0073877242
0.0
0.0
0.0
0.0
0.0
0.0
0.0
0.0
0.0
0.0
0.0
0.0
0.0
0.0
0.0
0.0
0.0
0.0
0.0
0.0005492238
0.00024375627999999997
0.0013847786
0.00059027685
0.012559148999999999
0.92378896
0.0019253220000000001
0.012053095
0.0037121694
0.0091997469
0.0013768842000000002
0.0
0.0
0.0
0.0
0.0013104876
0.0061373593999999995
0.0
0.0
0.0
0.0
0.0
0.0
0.0
0.0
0.0
0.0
0.0
0.0
0.0
0.0
0.0
0.0
0.0
0.0
0.0
0.00018913268
0.0
0.00038855248999999996
0.0
0.00064172735
0.0040275631
0.95278758
0.013867711999999999
0.0007692449099999999
0.00311981
0.0014360998999999998
0.0
0.0
0.0
0.0
9.7777425e-05
0.0053114691000000006
0.0
0.0
0.0
0.0
0.0
0.0
0.0
0.0
0.0
0.0
0.0
0.0
0.0
0.0
0.0
0.0
0.0
0.0
0.0
0.0002364041
0.0
0.0007129662599999999
0.0018939289
0.0095869545
0.0093848957
0.026760345
0.92462754
0.0096224975
0.0027138197
0.0044787247
0.0
5.45408e-05
0.0
0.00071678689
0.0013702411
0.0073826606
0.0
0.0
0.0
0.0
0.0
0.0
0.0
0.0
0.0
0.0
0.0
0.0
0.0
0.0
0.0
0.0
0.0
0.0
0.0
0.00039691769
0.0
0.0
0.0
0.012214393999999998
0.017510548
0.0077776089
0.0062821917
0.96042353
0.0094445469
0.0014364156
0.0
2.6934445e-05
0.0
0.0
3.9205759e-05
0.0041586454
0.0
0.0
0.0
0.0
0.0
0.0
0.0
0.0
0.0
0.0
0.0
0.0
0.0
0.0
0.0
0.0
0.0
0.0
0.0
0.00056092191
0.0
0.0
0.0
0.0082920697
0.016320081
0.0039196271
0.026254756
0.0020186568
0.96514016
0.0011079037
0.0
3.7582213e-05
0.0
0.0
0.0
0.0043784152
0.0
0.0
0.0
0.0
0.0
0.0
0.0
0.0
0.0
0.0
0.0
0.0
0.0
0.0
0.0
0.0
0.0
0.0
0.0
4.8020513e-05
0.0020862545000000002
0.0023248016000000002
0.0
0.0034234661
0.0022190979
0.0021250625
0.00099398475
0.00019594441000000002
0.0
0.96095991
0.0
0.00086532725
0.0014079526999999999
0.00036538209
0.0016090954
0.004235073
9.2982846e-05
0.0
0.0
0.0
0.0
0.0
0.0045550112
0.0
0.0
0.0
0.0
0.0
0.0
0.0
0.0
0.0
0.0
0.0
0.0
0.0
0.0
0.0
0.0
0.0
0.0
0.0
0.0
0.0
0.0
0.0
0.90526557
1.543501e-06
0.0
0.0
0.0034690008
0.024075676
0.009965823
0.0
0.0
0.0
0.0
0.0
0.0
0.0
0.0
0.0
0.0
0.0
0.0
0.0
0.0
0.0
0.0
0.0
0.0
0.00036470202000000003
0.0015704264000000001
0.0
0.0
0.0
0.0
0.0
0.0
0.00014097698
0.0
0.0020654951
0.0
0.99652636
0.00028241029999999997
8.6612796e-05
0.0026088854999999998
0.0023516251
0.0
0.0
0.0
0.0
0.0
0.0
0.0
0.0
0.0
0.0
0.0
0.0
0.0
0.0
0.0
0.0
0.0
0.0
0.0
3.9580704e-05
0.0038821388
0.0
0.0
0.0007073944999999999
0.0
0.0
0.0
0.0
0.0
0.0013568318
0.0
0.00021022215
0.97865754
0.0
0.00022946048
0.0028003624
1.4607784999999998e-05
0.0
0.0
0.0
0.0
0.0
0.093124449
0.0
0.0
0.0
0.0
0.0
0.0
0.0
0.0
0.0
0.0
0.0
0.0
0.0020187309
0.00010755135
0.0027720307000000002
0.0039371806
0.0
0.0
0.0
0.0009707612300000001
0.0
0.0
0.0
0.0
0.0
0.0
0.96754289
0.025580376000000002
0.0026411167
0.0
0.0
0.0
0.0
0.0
0.0
0.0
0.0
0.0
0.0
0.0
0.0
0.0
0.0
0.0
0.0
0.0
0.0
0.0
0.0013604860000000002
0.0014484427
0.0064306036
0.0
0.00060640485
0.0017579806
0.00047191995
0.0013221028
4.5016714000000004e-05
0.0
0.0090744412
0.0014234911999999999
0.0012126978
0.00017467323
0.0066584731
0.95111316
0.019356195
0.0
0.0
0.0
0.0
0.0
0.0
0.0
0.0
0.0
0.0
0.0
0.0
0.0
0.0
0.0
0.0
0.0
0.0
0.0
0.0
0.0
0.0
0.0
0.0
0.0
0.0
0.0
0.0180282
0.0
0.00050448743
0.035870809
0.0
0.0
0.0
0.0
0.90187347
0.0
0.0011570832
0.0
0.0
0.0
0.016879888
0.00025962156
0.0
0.0
0.023556601
0.0
0.0
0.0
0.0
0.0
0.0
0.0
0.0
0.0
0.0007288251700000001
0.0
0.0
0.0
0.0
0.0
0.0
0.0
0.0
0.0
0.0019210478
0.034161951
0.0
0.00055490754
0.0
0.0
0.0
0.86714947
0.0027735925
0.0
0.0
0.0039722645
0.0
0.0024653759
0.00021776576
0.0001635076
0.098602787
0.0033137221000000003
0.0
0.0
0.0
0.0
0.0
0.0
0.0
0.0
0.0087398198
0.0
0.0
0.0
0.0
0.0
0.0
0.0
0.0
0.0
0.0
0.0
0.0
0.0
0.0
0.0
0.0
0.0027153206
0.96475244
0.0
0.0
0.0
0.0
0.0
0.0
0.0
0.0001942527
0.0
0.0
0.0
0.0
0.0
0.0
0.0
0.0
0.0
0.032191291000000004
0.0
0.0
0.0
0.0
0.0
0.0
0.0
0.0
0.0
0.0
0.0
0.0
0.0
0.0
0.0
0.0
0.0
0.0
0.99830985
0.0983034
0.0
0.0
0.10522412
0.0
0.0
0.0
0.0
0.0
0.0
0.0
0.0
0.0
0.0
0.0
0.0
0.0
0.0
0.0
0.0
0.0
0.0
0.0
0.0
0.0
0.0
0.0
0.0
0.0
0.0
0.0
0.0
0.0
0.0
0.0
2.8200502e-05
0.86699039
0.0
0.0
1.4332279999999999e-05
0.0
0.0
0.0
0.0
0.0
0.0
0.0
0.0
0.0
0.0
0.0
0.0
0.00014590274
0.0
0.0
0.0
0.0
0.0
0.0
0.0
0.0
0.0
0.0
0.0
0.0
0.0
0.0
0.0
0.0
0.00033479885
0.0
0.0
0.0
0.98927265
0.0
0.0
0.0
0.0
0.0
0.0
0.0
0.0
0.0
0.0
0.0
0.0
0.0
0.0
0.041382186
0.0
0.0
0.0
0.0
0.0
0.0
0.0
0.0
0.0
0.0
0.0
0.0
0.0
0.0
0.0
0.0
0.0
0.0
0.0
0.0
0.0
0.96757317
0.0
0.0
0.0
0.0
0.0
0.0
0.0
0.0
0.0
0.0
0.0
0.0
0.0
0.0
0.0
0.0
0.0
0.0
0.0
0.0
0.0
0.0
0.0
0.0
0.0
0.0
0.0
0.0
0.0
0.0
0.0093854126
0.0
0.0
0.03470619
0.0
0.0
0.77389485
0.0
0.0
0.0015539689
0.0
0.0
0.0
0.0
0.0
0.0
0.0
0.0
0.0
0.0
0.0
0.0
0.0
0.0
0.0
0.0
0.0
0.0
0.0
0.0
0.0
0.0
0.0
0.0
0.0
0.0
0.00020735116999999999
0.0
0.0
0.0
0.0
0.0
0.0
0.99877334
0.0
0.0033229426
0.0
0.0
0.0
0.0
0.0
0.0
0.0
0.0
0.0
0.0021127474
0.0
0.0
0.0
0.0
0.0
0.0
0.0
0.0
0.0
0.0
0.0
0.0
0.0
0.0
0.0
0.0
0.00026995066000000005
0.0
0.0
0.0
0.0
0.0
0.0
0.0
0.99621493
0.00044021424000000004
0.0
0.0
0.0
0.0
0.0
0.0
0.0
0.0
0.0
0.0016803445
0.0
0.0
0.0
0.0
0.0
0.0
0.0
0.0
0.0
0.0
0.0
0.0
0.0
0.0
0.0
0.0
0.09547212
0.0
0.0
0.0
0.0
0.0
0.00079594116
0.0
0.0
0.85999835
0.0
0.0040041306
0.0
0.0
0.02117382
0.0087666502
0.0
0.057244080999999995
0.0
0.011886708999999999
0.00012723383
0.0011310265
0.0
0.0
0.0
0.0
0.0
0.0
0.0
0.0013767724
0.00023778522
0.0
0.0032675413
0.0
0.00085603242
0.0
0.014168873
0.026063312
0.0016619877
0.0
0.0067550675
0.015496098
0.019666246999999998
0.0010089031
0.0036215149
0.012330932
0.99668628
